1575791843239,2
1575791843250,15851
1575791843250,15851
1575791843257,2
1575791843258,11528
1575791843263,23040
1575791843266,11528
1575791843266,11528
1575791843285,23040
1575791843298,23040
1575791843309,11528
1575791843317,23040
1575791843332,23040
1575791843344,23040
1575791843354,23040
1575791843366,23040
1575791843378,23040
1575791843391,23040
1575791843401,23040
1575791843416,23040
1575791843425,23040
1575791843437,23040
1575791843448,23040
1575791843462,23040
1575791843475,37440
1575791843488,77760
1575791843496,23040
1575791843509,123840
1575791843521,97920
1575791843534,129600
1575791843545,129600
1575791843558,129600
1575791843576,129600
1575791843580,129600
1575791843594,129600
1575791843605,129600
1575791843621,129600
1575791843630,129600
1575791843640,129600
1575791843651,129600
1575791843666,129600
1575791843675,129600
1575791843688,129600
1575791843699,132480
1575791843712,129600
1575791843724,129600
1575791843736,132480
1575791843747,132480
1575791843762,129600
1575791843774,129600
1575791843784,132480
1575791843797,132480
1575791843808,129600
1575791843820,129600
1575791843832,132480
1575791843842,129600
1575791843857,129600
1575791843870,129600
1575791843879,129600
1575791843895,129600
1575791843902,129600
1575791843915,129600
1575791843927,129600
1575791843940,129600
1575791843951,129600
1575791843963,129600
1575791843974,129600
1575791843987,129600
1575791844000,129600
1575791844012,129600
1575791844024,129600
1575791844035,129600
1575791844052,129600
1575791844060,129600
1575791844071,129600
1575791844082,129600
1575791844100,129600
1575791844108,129600
1575791844118,129600
1575791844130,129600
1575791844147,129600
1575791844156,135360
1575791844168,129600
1575791844178,132480
1575791844192,126720
1575791844204,126720
1575791844213,129600
1575791844225,129600
1575791844239,126720
1575791844251,126720
1575791844262,129600
1575791844272,129600
1575791844285,126720
1575791844296,126720
1575791844311,129600
1575791844325,129600
1575791844332,126720
1575791844347,126720
1575791844356,129600
1575791844371,129600
1575791844383,126720
1575791844394,126720
1575791844406,129600
1575791844417,129600
1575791844429,129600
1575791844440,129600
1575791844455,129600
1575791844466,129600
1575791844475,129600
1575791844489,129600
1575791844509,129600
1575791844512,129600
1575791844524,129600
1575791844538,132480
1575791844547,109440
1575791844562,109440
1575791844573,132480
1575791844584,132480
1575791844600,109440
1575791844607,109440
1575791844619,132480
1575791844633,132480
1575791844646,109440
1575791844656,109440
1575791844672,132480
1575791844679,132480
1575791844691,109440
1575791844705,109440
1575791844720,132480
1575791844727,132480
1575791844740,109440
1575791844750,109440
1575791844762,118080
1575791844775,118080
1575791844788,129600
1575791844799,129600
1575791844810,118080
1575791844824,118080
1575791844836,129600
1575791844847,129600
1575791844859,118080
1575791844873,118080
1575791844885,129600
1575791844896,129600
1575791844907,118080
1575791844917,118080
1575791844932,129600
1575791844943,129600
1575791844954,118080
1575791844974,118080
1575791844978,129600
1575791844993,132480
1575791845003,126720
1575791845013,112320
1575791845030,132480
1575791845040,132480
1575791845055,112320
1575791845063,112320
1575791845074,126720
1575791845085,126720
1575791845101,112320
1575791845111,112320
1575791845123,126720
1575791845136,126720
1575791845148,112320
1575791845158,112320
1575791845169,126720
1575791845182,126720
1575791845192,112320
1575791845206,112320
1575791845218,126720
1575791845229,126720
1575791845242,112320
1575791845252,126720
1575791845265,126720
1575791845278,126720
1575791845288,126720
1575791845302,126720
1575791845314,129600
1575791845324,132480
1575791845338,126720
1575791845348,126720
1575791845359,129600
1575791845372,129600
1575791845383,126720
1575791845397,126720
1575791845411,129600
1575791845421,129600
1575791845432,129600
1575791845445,129600
1575791845457,129600
1575791845467,129600
1575791845481,129600
1575791845494,129600
1575791845503,129600
1575791845517,129600
1575791845527,129600
1575791845540,129600
1575791845552,129600
1575791845565,129600
1575791845576,129600
1575791845586,129600
1575791845601,129600
1575791845611,129600
1575791845625,132480
1575791845635,132480
1575791845648,129600
1575791845661,129600
1575791845671,129600
1575791845683,129600
1575791845695,132480
1575791845709,132480
1575791845718,129600
1575791845734,129600
1575791845743,132480
1575791845757,132480
1575791845766,129600
1575791845779,129600
1575791845790,132480
1575791845803,132480
1575791845814,129600
1575791845827,129600
1575791845838,132480
1575791845851,132480
1575791845861,129600
1575791845874,129600
1575791845887,132480
1575791845899,132480
1575791845911,129600
1575791845921,129600
1575791845934,132480
1575791845950,132480
1575791845961,129600
1575791845971,129600
1575791845983,132480
1575791845994,126720
1575791846008,129600
1575791846017,132480
1575791846030,126720
1575791846043,126720
1575791846054,132480
1575791846065,132480
1575791846078,126720
1575791846093,126720
1575791846102,132480
1575791846115,132480
1575791846125,126720
1575791846138,126720
1575791846154,132480
1575791846161,129600
1575791846172,126720
1575791846185,126720
1575791846196,120960
1575791846209,120960
1575791846225,126720
1575791846235,126720
1575791846246,120960
1575791846259,120960
1575791846269,123840
1575791846281,123840
1575791846292,120960
1575791846304,120960
1575791846317,123840
1575791846329,123840
1575791846340,120960
1575791846352,120960
1575791846364,123840
1575791846376,123840
1575791846388,120960
1575791846400,120960
1575791846411,123840
1575791846423,123840
1575791846435,129600
1575791846447,129600
1575791846459,123840
1575791846470,123840
1575791846483,129600
1575791846497,129600
1575791846509,132480
1575791846521,135360
1575791846533,129600
1575791846544,135360
1575791846555,132480
1575791846567,132480
1575791846580,135360
1575791846591,135360
1575791846605,132480
1575791846616,132480
1575791846629,135360
1575791846641,135360
1575791846650,129600
1575791846662,129600
1575791846675,132480
1575791846686,129600
1575791846698,129600
1575791846713,129600
1575791846724,129600
1575791846735,129600
1575791846747,129600
1575791846759,129600
1575791846771,129600
1575791846783,129600
1575791846796,129600
1575791846807,129600
1575791846817,129600
1575791846831,129600
1575791846841,129600
1575791846855,129600
1575791846865,129600
1575791846879,129600
1575791846894,129600
1575791846901,129600
1575791846914,129600
1575791846922,123840
1575791846939,129600
1575791846951,129600
1575791846961,123840
1575791846975,123840
1575791846988,129600
1575791846998,129600
1575791847010,123840
1575791847020,123840
1575791847035,129600
1575791847045,129600
1575791847058,123840
1575791847070,123840
1575791847083,129600
1575791847096,129600
1575791847104,123840
1575791847117,123840
1575791847129,129600
1575791847141,129600
1575791847154,123840
1575791847166,129600
1575791847177,129600
1575791847190,129600
1575791847201,129600
1575791847212,129600
1575791847227,129600
1575791847236,129600
1575791847249,129600
1575791847261,132480
1575791847272,129600
1575791847285,129600
1575791847297,132480
1575791847307,132480
1575791847324,129600
1575791847333,129600
1575791847345,132480
1575791847356,132480
1575791847368,126720
1575791847381,126720
1575791847392,132480
1575791847404,132480
1575791847416,126720
1575791847428,126720
1575791847441,132480
1575791847451,132480
1575791847463,126720
1575791847475,126720
1575791847487,132480
1575791847499,132480
1575791847510,126720
1575791847525,126720
1575791847535,132480
1575791847547,132480
1575791847560,126720
1575791847571,126720
1575791847582,132480
1575791847596,132480
1575791847606,132480
1575791847618,132480
1575791847630,132480
1575791847643,132480
1575791847656,132480
1575791847668,132480
1575791847679,132480
1575791847691,132480
1575791847702,132480
1575791847714,132480
1575791847725,132480
1575791847737,132480
1575791847749,132480
1575791847764,132480
1575791847774,132480
1575791847788,132480
1575791847798,132480
1575791847809,129600
1575791847822,132480
1575791847834,129600
1575791847846,129600
1575791847858,129600
1575791847869,129600
1575791847882,129600
1575791847894,129600
1575791847905,129600
1575791847917,129600
1575791847930,129600
1575791847945,129600
1575791847953,129600
1575791847965,129600
1575791847978,129600
1575791847989,126720
1575791848000,126720
1575791848013,129600
1575791848025,129600
1575791848036,126720
1575791848050,126720
1575791848061,129600
1575791848073,135360
1575791848086,126720
1575791848097,126720
1575791848110,135360
1575791848121,135360
1575791848133,126720
1575791848144,126720
1575791848158,135360
1575791848169,135360
1575791848183,126720
1575791848194,126720
1575791848203,129600
1575791848219,129600
1575791848227,126720
1575791848241,126720
1575791848252,129600
1575791848264,129600
1575791848276,126720
1575791848288,126720
1575791848301,129600
1575791848311,129600
1575791848325,126720
1575791848337,126720
1575791848349,129600
1575791848360,129600
1575791848372,126720
1575791848385,126720
1575791848396,129600
1575791848408,129600
1575791848419,126720
1575791848433,126720
1575791848445,129600
1575791848455,129600
1575791848467,132480
1575791848480,132480
1575791848491,129600
1575791848504,132480
1575791848515,132480
1575791848528,132480
1575791848539,132480
1575791848552,132480
1575791848565,132480
1575791848576,132480
1575791848587,132480
1575791848600,132480
1575791848612,135360
1575791848625,135360
1575791848634,132480
1575791848646,132480
1575791848658,132480
1575791848672,132480
1575791848683,132480
1575791848695,132480
1575791848707,132480
1575791848718,132480
1575791848729,132480
1575791848743,132480
1575791848756,132480
1575791848766,132480
1575791848780,132480
1575791848790,132480
1575791848801,129600
1575791848814,129600
1575791848825,129600
1575791848837,129600
1575791848852,129600
1575791848862,129600
1575791848874,129600
1575791848886,129600
1575791848898,129600
1575791848911,129600
1575791848920,129600
1575791848934,129600
1575791848946,129600
1575791848958,129600
1575791848969,129600
1575791848981,129600
1575791848995,129600
1575791849005,129600
1575791849017,129600
1575791849028,129600
1575791849041,132480
1575791849053,132480
1575791849065,132480
1575791849077,132480
1575791849092,132480
1575791849102,132480
1575791849114,132480
1575791849125,132480
1575791849138,132480
1575791849155,132480
1575791849162,135360
1575791849175,135360
1575791849184,132480
1575791849195,115200
1575791849207,129600
1575791849220,129600
1575791849233,115200
1575791849244,115200
1575791849257,129600
1575791849267,129600
1575791849280,115200
1575791849293,115200
1575791849304,129600
1575791849316,129600
1575791849327,115200
1575791849339,115200
1575791849351,129600
1575791849364,129600
1575791849376,115200
1575791849386,115200
1575791849399,129600
1575791849412,129600
1575791849424,115200
1575791849434,132480
1575791849447,129600
1575791849459,135360
1575791849472,132480
1575791849483,132480
1575791849495,135360
1575791849506,135360
1575791849519,132480
1575791849531,132480
1575791849543,135360
1575791849560,135360
1575791849567,132480
1575791849580,132480
1575791849592,135360
1575791849604,126720
1575791849614,132480
1575791849626,132480
1575791849638,126720
1575791849654,126720
1575791849662,132480
1575791849675,132480
1575791849687,126720
1575791849699,126720
1575791849711,132480
1575791849722,132480
1575791849734,126720
1575791849747,126720
1575791849758,132480
1575791849773,132480
1575791849782,126720
1575791849795,126720
1575791849805,132480
1575791849818,129600
1575791849829,126720
1575791849842,126720
1575791849854,129600
1575791849865,129600
1575791849877,126720
1575791849890,126720
1575791849903,129600
1575791849914,129600
1575791849925,126720
1575791849938,135360
1575791849950,129600
1575791849962,129600
1575791849973,135360
1575791849986,135360
1575791849998,129600
1575791850010,129600
1575791850021,135360
1575791850034,135360
1575791850047,129600
1575791850058,135360
1575791850069,135360
1575791850080,132480
1575791850094,135360
1575791850104,132480
1575791850117,132480
1575791850128,132480
1575791850140,132480
1575791850153,132480
1575791850165,132480
1575791850176,132480
1575791850190,132480
1575791850200,132480
1575791850212,132480
1575791850225,132480
1575791850237,132480
1575791850248,132480
1575791850261,132480
1575791850273,132480
1575791850284,132480
1575791850297,132480
1575791850308,132480
1575791850320,135360
1575791850332,132480
1575791850347,132480
1575791850356,135360
1575791850367,135360
1575791850380,132480
1575791850390,123840
1575791850406,135360
1575791850419,135360
1575791850426,123840
1575791850441,123840
1575791850451,126720
1575791850463,126720
1575791850474,123840
1575791850487,123840
1575791850498,126720
1575791850511,126720
1575791850522,123840
1575791850534,123840
1575791850545,126720
1575791850558,126720
1575791850571,123840
1575791850582,123840
1575791850595,126720
1575791850607,126720
1575791850617,123840
1575791850630,132480
1575791850642,126720
1575791850655,126720
1575791850667,132480
1575791850677,132480
1575791850689,126720
1575791850701,132480
1575791850714,132480
1575791850726,132480
1575791850737,132480
1575791850749,132480
1575791850761,132480
1575791850774,132480
1575791850786,132480
1575791850798,132480
1575791850808,132480
1575791850821,132480
1575791850833,132480
1575791850846,132480
1575791850859,132480
1575791850869,132480
1575791850881,132480
1575791850893,132480
1575791850905,132480
1575791850916,132480
1575791850929,132480
1575791850941,135360
1575791850953,132480
1575791850965,132480
1575791850977,135360
1575791850988,135360
1575791851000,132480
1575791851013,132480
1575791851024,132480
1575791851037,132480
1575791851047,132480
1575791851063,132480
1575791851072,132480
1575791851085,132480
1575791851098,132480
1575791851111,132480
1575791851120,132480
1575791851133,132480
1575791851145,132480
1575791851157,129600
1575791851169,132480
1575791851181,132480
1575791851193,129600
1575791851206,129600
1575791851216,132480
1575791851228,132480
1575791851242,129600
1575791851253,129600
1575791851264,135360
1575791851276,135360
1575791851286,126720
1575791851299,126720
1575791851311,135360
1575791851323,135360
1575791851336,126720
1575791851347,126720
1575791851359,135360
1575791851370,135360
1575791851383,126720
1575791851395,126720
1575791851406,135360
1575791851419,135360
1575791851430,126720
1575791851443,126720
1575791851455,135360
1575791851468,135360
1575791851478,126720
1575791851490,126720
1575791851502,135360
1575791851514,132480
1575791851526,132480
1575791851538,135360
1575791851551,132480
1575791851563,132480
1575791851575,135360
1575791851586,135360
1575791851598,132480
1575791851609,132480
1575791851621,132480
1575791851634,132480
1575791851645,132480
1575791851658,132480
1575791851669,132480
1575791851681,132480
1575791851694,132480
1575791851706,132480
1575791851717,132480
1575791851729,132480
1575791851741,132480
1575791851753,132480
1575791851765,132480
1575791851779,132480
1575791851790,132480
1575791851801,132480
1575791851813,132480
1575791851826,132480
1575791851836,132480
1575791851850,132480
1575791851860,135360
1575791851872,132480
1575791851884,132480
1575791851897,132480
1575791851909,132480
1575791851921,132480
1575791851933,132480
1575791851945,132480
1575791851957,132480
1575791851968,132480
1575791851980,132480
1575791851992,132480
1575791852004,132480
1575791852017,132480
1575791852028,132480
1575791852040,132480
1575791852053,132480
1575791852064,132480
1575791852078,135360
1575791852088,135360
1575791852104,132480
1575791852112,135360
1575791852124,132480
1575791852135,132480
1575791852148,126720
1575791852160,126720
1575791852172,132480
1575791852184,132480
1575791852195,126720
1575791852208,126720
1575791852219,132480
1575791852231,132480
1575791852243,126720
1575791852255,126720
1575791852266,132480
1575791852279,132480
1575791852291,126720
1575791852303,126720
1575791852314,132480
1575791852327,132480
1575791852339,126720
1575791852350,126720
1575791852362,135360
1575791852375,135360
1575791852386,135360
1575791852399,135360
1575791852411,135360
1575791852422,135360
1575791852434,135360
1575791852446,135360
1575791852458,135360
1575791852470,135360
1575791852482,135360
1575791852495,135360
1575791852506,135360
1575791852518,135360
1575791852529,135360
1575791852541,132480
1575791852554,135360
1575791852569,135360
1575791852578,132480
1575791852591,132480
1575791852602,135360
1575791852614,129600
1575791852625,132480
1575791852637,132480
1575791852648,129600
1575791852661,129600
1575791852674,132480
1575791852685,132480
1575791852697,129600
1575791852710,129600
1575791852721,132480
1575791852734,132480
1575791852744,129600
1575791852757,129600
1575791852769,132480
1575791852782,132480
1575791852792,129600
1575791852805,129600
1575791852818,132480
1575791852828,132480
1575791852840,129600
1575791852852,132480
1575791852864,132480
1575791852876,132480
1575791852888,135360
1575791852900,135360
1575791852913,132480
1575791852925,132480
1575791852937,135360
1575791852947,135360
1575791852960,132480
1575791852972,132480
1575791852983,132480
1575791852996,132480
1575791853008,132480
1575791853019,132480
1575791853032,132480
1575791853043,132480
1575791853055,132480
1575791853067,132480
1575791853079,132480
1575791853091,132480
1575791853103,135360
1575791853115,135360
1575791853127,132480
1575791853139,132480
1575791853151,135360
1575791853165,135360
1575791853174,132480
1575791853187,132480
1575791853198,135360
1575791853210,129600
1575791853223,135360
1575791853234,135360
1575791853247,129600
1575791853259,129600
1575791853270,135360
1575791853283,135360
1575791853295,129600
1575791853307,129600
1575791853318,135360
1575791853330,135360
1575791853342,129600
1575791853353,129600
1575791853366,135360
1575791853377,135360
1575791853390,129600
1575791853402,129600
1575791853415,135360
1575791853427,135360
1575791853438,129600
1575791853450,132480
1575791853462,135360
1575791853474,135360
1575791853486,132480
1575791853497,132480
1575791853510,135360
1575791853521,135360
1575791853533,132480
1575791853546,132480
1575791853558,135360
1575791853569,135360
1575791853581,132480
1575791853594,135360
1575791853605,135360
1575791853617,135360
1575791853629,135360
1575791853641,135360
1575791853652,135360
1575791853664,135360
1575791853676,135360
1575791853689,135360
1575791853701,135360
1575791853712,135360
1575791853724,135360
1575791853740,135360
1575791853748,135360
1575791853760,135360
1575791853772,135360
1575791853784,126720
1575791853796,135360
1575791853808,135360
1575791853820,126720
1575791853833,126720
1575791853844,135360
1575791853855,135360
1575791853868,126720
1575791853880,126720
1575791853892,135360
1575791853904,135360
1575791853916,126720
1575791853927,126720
1575791853940,135360
1575791853952,135360
1575791853963,126720
1575791853975,126720
1575791853987,135360
1575791853999,135360
1575791854011,126720
1575791854023,135360
1575791854035,135360
1575791854048,135360
1575791854059,135360
1575791854071,135360
1575791854083,135360
1575791854095,132480
1575791854107,135360
1575791854119,135360
1575791854131,132480
1575791854142,132480
1575791854155,135360
1575791854166,135360
1575791854178,132480
1575791854190,132480
1575791854202,135360
1575791854222,135360
1575791854226,132480
1575791854238,132480
1575791854250,135360
1575791854262,115200
1575791854274,132480
1575791854286,132480
1575791854298,115200
1575791854310,115200
1575791854322,132480
1575791854334,135360
1575791854346,115200
1575791854358,115200
1575791854369,135360
1575791854382,135360
1575791854394,115200
1575791854405,115200
1575791854417,135360
1575791854429,135360
1575791854441,115200
1575791854453,115200
1575791854465,135360
1575791854477,135360
1575791854489,115200
1575791854501,135360
1575791854513,135360
1575791854525,135360
1575791854537,135360
1575791854549,135360
1575791854560,135360
1575791854572,135360
1575791854585,135360
1575791854597,135360
1575791854608,135360
1575791854620,135360
1575791854632,135360
1575791854645,135360
1575791854656,135360
1575791854669,135360
1575791854680,135360
1575791854692,135360
1575791854704,135360
1575791854716,135360
1575791854728,135360
1575791854740,135360
1575791854752,135360
1575791854764,135360
1575791854776,135360
1575791854787,135360
1575791854799,135360
1575791854811,135360
1575791854823,135360
1575791854836,135360
1575791854847,135360
1575791854860,135360
1575791854871,135360
1575791854883,135360
1575791854895,135360
1575791854907,135360
1575791854919,135360
1575791854931,135360
1575791854943,135360
1575791854955,135360
1575791854967,135360
1575791854979,135360
1575791854991,135360
1575791855003,135360
1575791855015,135360
1575791855027,135360
1575791855038,135360
1575791855050,135360
1575791855062,135360
1575791855074,135360
1575791855086,135360
1575791855098,135360
1575791855110,135360
1575791855122,135360
1575791855134,135360
1575791855146,135360
1575791855161,135360
1575791855170,135360
1575791855182,135360
1575791855194,135360
1575791855206,129600
1575791855218,129600
1575791855230,135360
1575791855244,135360
1575791855254,129600
1575791855266,129600
1575791855278,135360
1575791855289,129600
1575791855302,129600
1575791855314,129600
1575791855326,129600
1575791855337,129600
1575791855350,129600
1575791855361,129600
1575791855373,129600
1575791855385,129600
1575791855399,129600
1575791855409,129600
1575791855421,129600
1575791855433,129600
1575791855445,132480
1575791855457,132480
1575791855469,129600
1575791855481,129600
1575791855492,132480
1575791855504,132480
1575791855517,129600
1575791855529,135360
1575791855540,132480
1575791855552,132480
1575791855564,135360
1575791855576,135360
1575791855588,132480
1575791855600,132480
1575791855612,135360
1575791855624,135360
1575791855636,132480
1575791855648,132480
1575791855660,135360
1575791855672,135360
1575791855684,135360
1575791855696,135360
1575791855708,135360
1575791855719,135360
1575791855732,135360
1575791855744,135360
1575791855755,135360
1575791855767,135360
1575791855779,135360
1575791855791,135360
1575791855803,135360
1575791855815,135360
1575791855827,135360
1575791855839,135360
1575791855854,135360
1575791855863,135360
1575791855875,135360
1575791855887,135360
1575791855899,129600
1575791855911,129600
1575791855923,135360
1575791855934,135360
1575791855947,129600
1575791855958,129600
1575791855971,135360
1575791855982,135360
1575791855994,129600
1575791856006,129600
1575791856018,135360
1575791856030,135360
1575791856042,129600
1575791856054,129600
1575791856066,135360
1575791856078,135360
1575791856090,129600
1575791856102,129600
1575791856113,135360
1575791856126,135360
1575791856137,135360
1575791856150,135360
1575791856163,135360
1575791856175,135360
1575791856185,135360
1575791856197,135360
1575791856209,132480
1575791856221,132480
1575791856233,135360
1575791856245,135360
1575791856257,132480
1575791856269,132480
1575791856281,135360
1575791856293,135360
1575791856305,132480
1575791856317,132480
1575791856329,135360
1575791856341,135360
1575791856353,132480
1575791856365,132480
1575791856376,135360
1575791856388,135360
1575791856401,132480
1575791856414,132480
1575791856424,135360
1575791856437,135360
1575791856448,132480
1575791856460,132480
1575791856472,135360
1575791856484,135360
1575791856496,132480
1575791856508,132480
1575791856520,135360
1575791856532,135360
1575791856544,132480
1575791856556,132480
1575791856568,135360
1575791856583,135360
1575791856591,132480
1575791856603,132480
1575791856615,135360
1575791856639,132480
1575791856651,132480
1575791856664,72000
