1575852541958,2
1575852541959,2
1575852541974,23056
1575852541981,46096
1575852541985,31691
1575852541987,17286
1575852541987,2
1575852541987,2
1575852541999,17286
1575852542011,17286
1575852542026,56199
1575852542040,112359
1575852542049,17286
1575852542058,17286
1575852542073,112359
1575852542085,112359
1575852542095,17286
1575852542106,17286
1575852542118,112359
1575852542132,112359
1575852542142,17286
1575852542155,17280
1575852542169,112359
1575852542177,112359
1575852542190,17280
1575852542207,40320
1575852542215,112359
1575852542226,112359
1575852542239,66240
1575852542249,120960
1575852542262,129645
1575852542277,129600
1575852542289,120960
1575852542298,120960
1575852542309,129600
1575852542322,129600
1575852542332,120960
1575852542349,120960
1575852542357,129600
1575852542369,129600
1575852542381,120960
1575852542394,120960
1575852542410,129600
1575852542418,129600
1575852542429,120960
1575852542442,120960
1575852542453,123840
1575852542465,123840
1575852542478,120960
1575852542488,123840
1575852542500,123840
1575852542515,123840
1575852542529,123840
1575852542535,123840
1575852542548,123840
1575852542561,123840
1575852542578,129600
1575852542585,129600
1575852542600,123840
1575852542610,123840
1575852542620,120960
1575852542633,120960
1575852542648,123840
1575852542659,123840
1575852542668,120960
1575852542681,120960
1575852542692,126720
1575852542705,126720
1575852542717,120960
1575852542730,120960
1575852542741,126720
1575852542753,126720
1575852542768,120960
1575852542780,120960
1575852542789,126720
1575852542802,126720
1575852542813,120960
1575852542829,120960
1575852542837,126720
1575852542853,126720
1575852542860,129600
1575852542872,123840
1575852542883,126720
1575852542898,126720
1575852542908,123840
1575852542920,123840
1575852542936,129600
1575852542942,126720
1575852542957,123840
1575852542967,123840
1575852542979,123840
1575852542994,123840
1575852543020,123840
1575852543028,123840
1575852543037,123840
1575852543038,123840
1575852543060,112320
1575852543063,97920
1575852543076,97920
1575852543085,112320
1575852543099,112320
1575852543110,97920
1575852543122,97920
1575852543138,112320
1575852543148,112320
1575852543164,97920
1575852543171,97920
1575852543184,112320
1575852543195,112320
1575852543206,97920
1575852543220,97920
1575852543229,112320
1575852543243,112320
1575852543255,97920
1575852543265,97920
1575852543281,112320
1575852543290,112320
1575852543302,112320
1575852543316,120960
1575852543327,112320
1575852543336,129600
1575852543350,120960
1575852543360,120960
1575852543374,129600
1575852543386,129600
1575852543402,120960
1575852543410,120960
1575852543421,129600
1575852543435,129600
1575852543447,126720
1575852543458,126720
1575852543472,129600
1575852543480,129600
1575852543493,126720
1575852543504,126720
1575852543518,129600
1575852543535,129600
1575852543542,126720
1575852543552,126720
1575852543565,129600
1575852543576,118080
1575852543589,126720
1575852543603,129600
1575852543613,118080
1575852543624,118080
1575852543637,129600
1575852543648,129600
1575852543660,118080
1575852543673,118080
1575852543685,129600
1575852543695,129600
1575852543709,118080
1575852543723,118080
1575852543732,129600
1575852543744,129600
1575852543757,118080
1575852543771,118080
1575852543779,129600
1575852543796,129600
1575852543804,118080
1575852543818,135360
1575852543826,129600
1575852543839,123840
1575852543856,135360
1575852543870,135360
1575852543879,123840
1575852543888,123840
1575852543908,135360
1575852543912,120960
1575852543925,123840
1575852543935,123840
1575852543950,120960
1575852543959,120960
1575852543972,123840
1575852543982,123840
1575852543996,120960
1575852544009,120960
1575852544019,123840
1575852544036,123840
1575852544043,120960
1575852544057,120960
1575852544067,123840
1575852544077,118080
1575852544090,120960
1575852544103,120960
1575852544118,118080
1575852544127,118080
1575852544138,120960
1575852544151,120960
1575852544163,118080
1575852544174,118080
1575852544187,129600
1575852544198,129600
1575852544211,118080
1575852544223,118080
1575852544235,129600
1575852544246,129600
1575852544257,118080
1575852544271,118080
1575852544288,129600
1575852544291,129600
1575852544308,118080
1575852544316,129600
1575852544327,112320
1575852544341,112320
1575852544353,129600
1575852544368,129600
1575852544378,112320
1575852544391,112320
1575852544399,129600
1575852544412,126720
1575852544426,112320
1575852544436,112320
1575852544447,126720
1575852544460,126720
1575852544472,112320
1575852544484,112320
1575852544496,126720
1575852544508,126720
1575852544520,112320
1575852544533,112320
1575852544548,126720
1575852544555,126720
1575852544569,129600
1575852544580,129600
1575852544591,123840
1575852544604,123840
1575852544616,129600
1575852544627,129600
1575852544641,123840
1575852544652,123840
1575852544663,129600
1575852544677,132480
1575852544689,123840
1575852544703,123840
1575852544712,135360
1575852544724,135360
1575852544736,123840
1575852544747,123840
1575852544760,135360
1575852544771,135360
1575852544788,123840
1575852544794,123840
1575852544808,135360
1575852544822,135360
1575852544837,126720
1575852544844,126720
1575852544854,132480
1575852544867,129600
1575852544879,120960
1575852544891,120960
1575852544902,129600
1575852544917,129600
1575852544927,120960
1575852544937,120960
1575852544953,129600
1575852544964,129600
1575852544974,120960
1575852544985,120960
1575852544997,126720
1575852545012,126720
1575852545021,120960
1575852545034,120960
1575852545049,126720
1575852545069,120960
1575852545073,126720
1575852545082,120960
1575852545094,126720
1575852545105,103680
1575852545119,126720
1575852545129,103680
1575852545141,126720
1575852545157,103680
1575852545165,126720
1575852545179,103680
1575852545189,126720
1575852545202,103680
1575852545213,126720
1575852545225,103680
1575852545238,129600
1575852545248,103680
1575852545261,129600
1575852545272,103680
1575852545284,129600
1575852545298,103680
1575852545309,129600
1575852545321,103680
1575852545333,132480
1575852545345,129600
1575852545358,132480
1575852545369,129600
1575852545382,132480
1575852545392,129600
1575852545407,132480
1575852545417,129600
1575852545427,129600
1575852545441,132480
1575852545451,126720
1575852545462,129600
1575852545478,126720
1575852545489,129600
1575852545505,126720
1575852545512,129600
1575852545527,126720
1575852545536,129600
1575852545547,120960
1575852545559,129600
1575852545571,120960
1575852545586,129600
1575852545595,120960
1575852545608,129600
1575852545620,120960
1575852545631,129600
1575852545644,120960
1575852545655,129600
1575852545667,120960
1575852545678,129600
1575852545695,120960
1575852545702,129600
1575852545714,120960
1575852545727,129600
1575852545739,120960
1575852545751,129600
1575852545763,120960
1575852545774,129600
1575852545787,126720
1575852545799,129600
1575852545810,126720
1575852545823,129600
1575852545835,126720
1575852545846,129600
1575852545858,126720
1575852545871,135360
1575852545883,126720
1575852545895,135360
1575852545907,126720
1575852545918,135360
1575852545931,126720
1575852545943,135360
1575852545954,126720
1575852545967,135360
1575852545977,132480
1575852545993,135360
1575852546005,132480
1575852546014,135360
1575852546026,132480
1575852546037,126720
1575852546049,126720
1575852546068,126720
1575852546073,126720
1575852546086,126720
1575852546096,126720
1575852546111,123840
1575852546122,126720
1575852546134,123840
1575852546147,126720
1575852546158,123840
1575852546169,126720
1575852546181,123840
1575852546194,126720
1575852546204,123840
1575852546221,126720
1575852546227,123840
1575852546241,126720
1575852546254,123840
1575852546265,126720
1575852546277,123840
1575852546290,126720
1575852546300,123840
1575852546312,126720
1575852546324,123840
1575852546336,126720
1575852546349,132480
1575852546360,126720
1575852546372,132480
1575852546384,126720
1575852546397,132480
1575852546407,126720
1575852546419,132480
1575852546434,126720
1575852546445,132480
1575852546468,126720
1575852546473,132480
1575852546481,126720
1575852546498,132480
1575852546503,100800
1575852546516,123840
1575852546528,100800
1575852546539,118080
1575852546552,100800
1575852546567,118080
1575852546575,100800
1575852546591,118080
1575852546599,100800
1575852546612,118080
1575852546623,100800
1575852546639,118080
1575852546647,100800
1575852546664,118080
1575852546672,100800
1575852546688,118080
1575852546696,100800
1575852546706,118080
1575852546718,100800
1575852546732,118080
1575852546745,132480
1575852546755,118080
1575852546766,132480
1575852546779,120960
1575852546798,132480
1575852546804,120960
1575852546814,132480
1575852546829,120960
1575852546840,120960
1575852546853,120960
1575852546877,120960
1575852546879,120960
1575852546896,120960
1575852546898,120960
1575852546912,97920
1575852546933,120960
1575852546942,120960
1575852546948,97920
1575852546960,97920
1575852546978,120960
1575852546990,120960
1575852546993,97920
1575852547011,97920
1575852547032,120960
1575852547040,120960
1575852547043,97920
1575852547054,97920
1575852547067,100800
1575852547083,100800
1575852547090,97920
1575852547104,97920
1575852547114,100800
1575852547126,100800
1575852547139,97920
1575852547152,123840
1575852547166,100800
1575852547179,100800
1575852547187,123840
1575852547200,123840
1575852547218,100800
1575852547232,100800
1575852547233,123840
1575852547246,123840
1575852547257,100800
1575852547269,100800
1575852547286,123840
1575852547293,132480
1575852547307,106560
1575852547317,106560
1575852547330,126720
1575852547342,126720
1575852547353,106560
1575852547364,106560
1575852547376,126720
1575852547395,126720
1575852547403,106560
1575852547413,106560
1575852547424,126720
1575852547436,118080
1575852547449,106560
1575852547461,106560
1575852547473,118080
1575852547484,118080
1575852547496,106560
1575852547508,132480
1575852547521,118080
1575852547532,118080
1575852547544,132480
1575852547555,132480
1575852547567,118080
1575852547580,118080
1575852547604,132480
1575852547616,132480
1575852547616,118080
1575852547628,118080
1575852547640,103680
1575852547651,100800
1575852547663,118080
1575852547675,132480
1575852547687,100800
1575852547698,100800
1575852547711,132480
1575852547723,132480
1575852547737,100800
1575852547747,100800
1575852547759,132480
1575852547771,132480
1575852547784,100800
1575852547795,100800
1575852547806,135360
1575852547820,135360
1575852547831,100800
1575852547842,100800
1575852547855,135360
1575852547867,132480
1575852547881,100800
1575852547891,135360
1575852547904,132480
1575852547914,132480
1575852547926,129600
1575852547942,129600
1575852547963,132480
1575852547964,132480
1575852547974,129600
1575852547993,129600
1575852548003,115200
1575852548011,115200
1575852548024,129600
1575852548034,118080
1575852548047,115200
1575852548057,115200
1575852548071,118080
1575852548083,118080
1575852548103,115200
1575852548111,115200
1575852548126,118080
1575852548132,118080
1575852548141,109440
1575852548155,109440
1575852548172,118080
1575852548185,118080
1575852548189,109440
1575852548202,109440
1575852548212,115200
1575852548227,115200
1575852548238,109440
1575852548249,109440
1575852548271,115200
1575852548284,115200
1575852548285,109440
1575852548296,109440
1575852548309,109440
1575852548320,103680
1575852548333,109440
1575852548345,109440
1575852548355,103680
1575852548368,103680
1575852548388,126720
1575852548398,135360
1575852548409,103680
1575852548416,103680
1575852548431,123840
1575852548439,118080
1575852548452,103680
1575852548463,103680
1575852548477,118080
1575852548488,118080
1575852548499,103680
1575852548512,103680
1575852548524,118080
1575852548540,118080
1575852548547,103680
1575852548559,123840
1575852548571,118080
1575852548583,118080
1575852548597,123840
1575852548607,123840
1575852548619,118080
1575852548631,118080
1575852548643,123840
1575852548654,123840
1575852548667,118080
1575852548678,123840
1575852548691,132480
1575852548702,132480
1575852548716,123840
1575852548727,123840
1575852548739,132480
1575852548754,132480
1575852548763,123840
1575852548774,123840
1575852548786,132480
1575852548800,132480
1575852548812,123840
1575852548823,135360
1575852548836,132480
1575852548847,132480
1575852548858,132480
1575852548870,132480
1575852548882,132480
1575852548895,132480
1575852548907,132480
1575852548918,132480
1575852548937,132480
1575852548945,132480
1575852548957,132480
1575852548966,132480
1575852548979,118080
1575852548991,118080
1575852549003,132480
1575852549016,132480
1575852549026,118080
1575852549039,118080
1575852549050,132480
1575852549062,132480
1575852549075,118080
1575852549086,118080
1575852549099,132480
1575852549110,132480
1575852549123,118080
1575852549134,118080
1575852549145,132480
1575852549157,132480
1575852549171,118080
1575852549181,118080
1575852549193,132480
1575852549209,132480
1575852549221,132480
1575852549230,135360
1575852549244,132480
1575852549253,126720
1575852549264,123840
1575852549277,123840
1575852549291,126720
1575852549302,126720
1575852549316,123840
1575852549326,123840
1575852549338,126720
1575852549351,126720
1575852549360,123840
1575852549373,123840
1575852549384,126720
1575852549397,126720
1575852549411,123840
1575852549422,123840
1575852549434,126720
1575852549447,126720
1575852549457,123840
1575852549467,123840
1575852549482,126720
1575852549497,132480
1575852549505,126720
1575852549516,126720
1575852549528,132480
1575852549540,123840
1575852549553,126720
1575852549567,126720
1575852549576,123840
1575852549591,123840
1575852549600,129600
1575852549614,129600
1575852549623,123840
1575852549636,123840
1575852549647,129600
1575852549659,129600
1575852549672,123840
1575852549684,123840
1575852549695,129600
1575852549708,129600
1575852549719,123840
1575852549732,123840
1575852549746,129600
1575852549755,129600
1575852549768,123840
1575852549781,129600
1575852549791,129600
1575852549807,129600
1575852549815,129600
1575852549827,129600
1575852549838,129600
1575852549852,129600
1575852549862,129600
1575852549876,132480
1575852549887,129600
1575852549906,129600
1575852549910,132480
1575852549927,132480
1575852549936,129600
1575852549951,129600
1575852549967,132480
1575852549970,123840
1575852549981,129600
1575852549994,123840
1575852550006,112320
1575852550018,112320
1575852550036,123840
1575852550043,123840
1575852550057,112320
1575852550066,112320
1575852550079,120960
1575852550089,120960
1575852550101,112320
1575852550117,112320
1575852550125,120960
1575852550137,120960
1575852550150,112320
1575852550167,112320
1575852550174,120960
1575852550186,120960
1575852550196,112320
1575852550209,112320
1575852550227,120960
1575852550234,120960
1575852550244,120960
1575852550258,120960
1575852550268,118080
1575852550283,118080
1575852550293,120960
1575852550307,120960
1575852550315,118080
1575852550337,118080
1575852550340,120960
1575852550357,120960
1575852550364,118080
1575852550376,112320
1575852550397,120960
1575852550400,120960
1575852550412,112320
1575852550423,112320
1575852550437,115200
1575852550448,115200
1575852550459,112320
1575852550472,112320
1575852550484,115200
1575852550495,115200
1575852550508,112320
1575852550519,112320
1575852550535,115200
1575852550544,115200
1575852550556,112320
1575852550567,112320
1575852550580,115200
1575852550598,115200
1575852550604,112320
1575852550616,135360
1575852550628,115200
1575852550639,115200
1575852550652,135360
1575852550662,132480
1575852550676,118080
1575852550687,118080
1575852550698,132480
1575852550711,132480
1575852550722,118080
1575852550735,118080
1575852550747,132480
1575852550759,132480
1575852550771,118080
1575852550783,118080
1575852550795,132480
1575852550806,132480
1575852550819,118080
1575852550829,118080
1575852550842,132480
1575852550855,132480
1575852550867,118080
1575852550880,132480
1575852550891,132480
1575852550905,132480
1575852550917,132480
1575852550926,132480
1575852550947,135360
1575852550949,126720
1575852550963,132480
1575852550974,132480
1575852550985,109440
1575852550998,109440
1575852551009,132480
1575852551027,132480
1575852551036,109440
1575852551045,109440
1575852551058,132480
1575852551069,120960
1575852551083,109440
1575852551097,109440
1575852551107,120960
1575852551117,120960
1575852551128,109440
1575852551147,109440
1575852551152,120960
1575852551167,120960
1575852551176,109440
1575852551190,109440
1575852551206,120960
1575852551213,120960
1575852551224,123840
1575852551236,123840
1575852551248,120960
1575852551264,120960
1575852551271,123840
1575852551287,123840
1575852551296,120960
1575852551308,120960
1575852551325,123840
1575852551335,123840
1575852551344,120960
1575852551356,120960
1575852551369,123840
1575852551379,123840
1575852551392,120960
1575852551407,120960
1575852551418,123840
1575852551429,126720
1575852551441,120960
1575852551452,120960
1575852551464,126720
1575852551475,126720
1575852551496,126720
1575852551499,126720
1575852551516,126720
1575852551524,126720
1575852551537,118080
1575852551548,118080
1575852551559,123840
1575852551571,123840
1575852551586,118080
1575852551595,118080
1575852551607,123840
1575852551620,123840
1575852551631,118080
1575852551642,118080
1575852551656,123840
1575852551667,123840
1575852551679,118080
1575852551690,118080
1575852551703,123840
1575852551715,123840
1575852551727,118080
1575852551740,118080
1575852551752,123840
1575852551762,123840
1575852551774,129600
1575852551787,129600
1575852551799,135360
1575852551810,135360
1575852551822,129600
1575852551835,129600
1575852551846,135360
1575852551859,135360
1575852551871,135360
1575852551883,135360
1575852551894,135360
1575852551906,135360
1575852551918,135360
1575852551931,135360
1575852551943,135360
1575852551955,135360
1575852551966,135360
1575852551986,135360
1575852551989,132480
1575852552002,132480
1575852552015,135360
1575852552025,112320
1575852552037,132480
1575852552050,132480
1575852552060,112320
1575852552073,112320
1575852552086,132480
1575852552097,132480
1575852552109,112320
1575852552121,112320
1575852552133,132480
1575852552144,132480
1575852552156,112320
1575852552169,112320
1575852552183,132480
1575852552194,132480
1575852552206,112320
1575852552217,112320
1575852552236,135360
1575852552240,132480
1575852552255,112320
1575852552263,129600
1575852552276,115200
1575852552296,115200
1575852552301,132480
1575852552315,132480
1575852552325,115200
1575852552337,115200
1575852552356,132480
1575852552360,129600
1575852552372,115200
1575852552384,115200
1575852552396,115200
1575852552407,115200
1575852552424,115200
1575852552435,115200
1575852552443,115200
1575852552457,115200
1575852552467,115200
1575852552479,115200
1575852552491,115200
1575852552505,115200
1575852552514,115200
1575852552526,115200
1575852552539,115200
1575852552550,115200
1575852552565,115200
1575852552574,123840
1575852552588,115200
1575852552599,115200
1575852552611,123840
1575852552622,123840
1575852552634,129600
1575852552646,129600
1575852552666,123840
1575852552671,123840
1575852552683,129600
1575852552694,129600
1575852552706,115200
1575852552718,115200
1575852552731,129600
1575852552744,129600
1575852552754,115200
1575852552766,115200
1575852552777,129600
1575852552792,132480
1575852552802,115200
1575852552814,115200
1575852552826,132480
1575852552839,132480
1575852552850,115200
1575852552862,115200
1575852552873,132480
1575852552886,132480
1575852552897,115200
1575852552909,115200
1575852552922,132480
1575852552935,132480
1575852552946,135360
1575852552957,135360
1575852552971,132480
1575852552981,132480
1575852552992,132480
1575852553005,132480
1575852553016,129600
1575852553031,129600
1575852553042,132480
1575852553055,132480
1575852553064,129600
1575852553076,129600
1575852553095,132480
1575852553100,129600
1575852553115,129600
1575852553125,129600
1575852553136,118080
1575852553148,118080
1575852553159,126720
1575852553171,126720
1575852553184,118080
1575852553195,118080
1575852553210,126720
1575852553220,126720
1575852553235,118080
1575852553243,118080
1575852553258,126720
1575852553267,126720
1575852553286,118080
1575852553292,118080
1575852553304,126720
1575852553316,126720
1575852553328,118080
1575852553339,118080
1575852553353,126720
1575852553365,126720
1575852553376,120960
1575852553387,120960
1575852553402,132480
1575852553411,132480
1575852553423,120960
1575852553435,120960
1575852553447,129600
1575852553459,129600
1575852553471,120960
1575852553486,120960
1575852553495,129600
1575852553507,129600
1575852553518,120960
1575852553536,120960
1575852553542,129600
1575852553554,129600
1575852553567,135360
1575852553578,120960
1575852553590,129600
1575852553603,129600
1575852553614,120960
1575852553626,120960
1575852553638,129600
1575852553651,129600
1575852553665,120960
1575852553674,120960
1575852553685,135360
1575852553698,132480
1575852553711,120960
1575852553721,120960
1575852553734,132480
1575852553745,132480
1575852553758,120960
1575852553771,120960
1575852553781,132480
1575852553794,132480
1575852553806,120960
1575852553819,132480
1575852553829,132480
1575852553842,132480
1575852553853,132480
1575852553866,132480
1575852553879,132480
1575852553890,132480
1575852553902,132480
1575852553913,132480
1575852553925,132480
1575852553936,132480
1575852553949,132480
1575852553966,132480
1575852553974,132480
1575852553985,132480
1575852553997,132480
1575852554008,120960
1575852554021,132480
1575852554034,132480
1575852554044,120960
1575852554057,120960
1575852554069,132480
1575852554085,132480
1575852554093,120960
1575852554105,120960
1575852554116,132480
1575852554135,132480
1575852554140,120960
1575852554153,120960
1575852554164,132480
1575852554176,115200
1575852554188,120960
1575852554199,120960
1575852554212,115200
1575852554226,115200
1575852554236,120960
1575852554247,132480
1575852554262,115200
1575852554271,115200
1575852554284,132480
1575852554295,132480
1575852554307,115200
1575852554319,115200
1575852554331,132480
1575852554344,132480
1575852554356,115200
1575852554375,115200
1575852554380,132480
1575852554391,132480
1575852554403,115200
1575852554415,115200
1575852554427,132480
1575852554439,135360
1575852554450,115200
1575852554462,115200
1575852554474,135360
1575852554486,135360
1575852554498,115200
1575852554511,115200
1575852554522,135360
1575852554534,135360
1575852554546,115200
1575852554562,115200
1575852554570,135360
1575852554583,135360
1575852554593,115200
1575852554606,115200
1575852554618,135360
1575852554634,135360
1575852554642,115200
1575852554653,126720
1575852554667,135360
1575852554678,126720
1575852554694,126720
1575852554702,126720
1575852554714,126720
1575852554725,126720
1575852554737,123840
1575852554750,123840
1575852554765,126720
1575852554774,126720
1575852554785,123840
1575852554797,123840
1575852554815,126720
1575852554821,126720
1575852554838,123840
1575852554845,123840
1575852554857,120960
1575852554870,120960
1575852554881,123840
1575852554893,123840
1575852554905,120960
1575852554918,120960
1575852554928,123840
1575852554940,123840
1575852554955,120960
1575852554965,120960
1575852554976,123840
1575852554990,123840
1575852555000,120960
1575852555012,120960
1575852555024,123840
1575852555036,123840
1575852555048,120960
1575852555060,120960
1575852555072,123840
1575852555084,123840
1575852555096,129600
1575852555108,129600
1575852555119,132480
1575852555134,132480
1575852555144,129600
1575852555156,129600
1575852555169,132480
1575852555180,132480
1575852555195,129600
1575852555204,129600
1575852555215,132480
1575852555228,132480
1575852555240,129600
1575852555255,129600
1575852555263,132480
1575852555275,132480
1575852555287,129600
1575852555299,126720
1575852555311,132480
1575852555323,132480
1575852555335,126720
1575852555359,132480
1575852555370,132480
1575852555385,74880
