1575860767935,16
1575860767936,16
1575860767962,16
1575860767962,16
1575860767971,403480
1575860767981,806680
1575860767993,507056
1575860767994,368896
1575860768003,507056
1575860768005,737536
1575860768025,507056
1575860768027,737536
1575860768032,507056
1575860768041,737536
1575860768055,507056
1575860768063,737536
1575860768076,507056
1575860768087,737536
1575860768102,507056
1575860768109,737536
1575860768125,507056
1575860768135,737536
1575860768143,507056
1575860768159,737536
1575860768167,506880
1575860768182,737536
1575860768193,506880
1575860768207,760584
1575860768215,668160
1575860768230,760320
1575860768238,668160
1575860768257,829440
1575860768263,691200
1575860768276,829440
1575860768287,944640
1575860768300,990720
1575860768316,944640
1575860768322,990720
1575860768334,944640
1575860768349,990720
1575860768359,944640
1575860768374,990720
1575860768382,967680
1575860768396,990720
1575860768406,990720
1575860768420,990720
1575860768430,990720
1575860768444,990720
1575860768456,990720
1575860768466,990720
1575860768477,990720
1575860768492,990720
1575860768508,990720
1575860768516,990720
1575860768526,990720
1575860768540,1059840
1575860768548,921600
1575860768567,1059840
1575860768574,921600
1575860768589,1059840
1575860768597,921600
1575860768611,1013760
1575860768629,921600
1575860768633,1013760
1575860768644,921600
1575860768657,1013760
1575860768668,898560
1575860768686,1013760
1575860768694,898560
1575860768705,1013760
1575860768718,898560
1575860768729,990720
1575860768745,898560
1575860768757,990720
1575860768765,898560
1575860768775,990720
1575860768789,898560
1575860768800,990720
1575860768812,898560
1575860768827,990720
1575860768838,898560
1575860768848,990720
1575860768866,898560
1575860768872,990720
1575860768888,898560
1575860768895,990720
1575860768916,1013760
1575860768921,990720
1575860768933,1013760
1575860768943,990720
1575860768958,967680
1575860768967,990720
1575860768981,967680
1575860768991,990720
1575860769009,967680
1575860769015,990720
1575860769030,967680
1575860769040,1036800
1575860769052,967680
1575860769063,1036800
1575860769078,967680
1575860769087,1036800
1575860769101,967680
1575860769115,1059840
1575860769124,967680
1575860769134,1059840
1575860769147,967680
1575860769165,1059840
1575860769172,967680
1575860769186,1059840
1575860769197,990720
1575860769206,944640
1575860769222,990720
1575860769237,944640
1575860769244,990720
1575860769256,944640
1575860769267,990720
1575860769287,944640
1575860769291,1036800
1575860769304,944640
1575860769316,1036800
1575860769327,921600
1575860769339,1036800
1575860769356,921600
1575860769366,1036800
1575860769375,921600
1575860769388,1036800
1575860769398,921600
1575860769413,1036800
1575860769422,921600
1575860769437,1036800
1575860769446,921600
1575860769459,1036800
1575860769469,921600
1575860769488,1036800
1575860769494,921600
1575860769514,1059840
1575860769517,921600
1575860769538,1059840
1575860769543,921600
1575860769558,1013760
1575860769565,967680
1575860769579,944640
1575860769589,967680
1575860769602,944640
1575860769613,967680
1575860769628,944640
1575860769636,1059840
1575860769659,944640
1575860769660,1059840
1575860769678,944640
1575860769684,1059840
1575860769698,898560
1575860769709,1059840
1575860769722,898560
1575860769736,1059840
1575860769746,898560
1575860769757,1059840
1575860769770,898560
1575860769788,1059840
1575860769795,898560
1575860769809,1059840
1575860769817,898560
1575860769828,921600
1575860769841,898560
1575860769855,921600
1575860769868,898560
1575860769875,921600
1575860769889,898560
1575860769900,921600
1575860769914,898560
1575860769924,921600
1575860769936,1013760
1575860769947,921600
1575860769961,1059840
1575860769971,921600
1575860769983,1059840
1575860769995,921600
1575860770008,1059840
1575860770019,921600
1575860770034,1059840
1575860770044,921600
1575860770055,1059840
1575860770067,1036800
1575860770079,1036800
1575860770091,1036800
1575860770104,1036800
1575860770115,1036800
1575860770128,1036800
1575860770139,1082880
1575860770153,1036800
1575860770163,1082880
1575860770176,1036800
1575860770187,1082880
1575860770199,1036800
1575860770212,1082880
1575860770225,1036800
1575860770235,1082880
1575860770247,1036800
1575860770258,1059840
1575860770271,1036800
1575860770281,1059840
1575860770296,1036800
1575860770311,1059840
1575860770320,1059840
1575860770330,1059840
1575860770344,1059840
1575860770358,1059840
1575860770369,1059840
1575860770378,1059840
1575860770392,1059840
1575860770401,990720
1575860770414,1036800
1575860770426,990720
1575860770438,1036800
1575860770449,990720
1575860770466,1036800
1575860770476,990720
1575860770486,1036800
1575860770497,990720
1575860770512,1036800
1575860770535,990720
1575860770536,1036800
1575860770545,990720
1575860770566,1036800
1575860770571,806400
1575860770584,1036800
1575860770594,806400
1575860770610,1013760
1575860770618,806400
1575860770633,1013760
1575860770643,806400
1575860770655,1013760
1575860770666,806400
1575860770680,1013760
1575860770689,806400
1575860770705,1013760
1575860770719,806400
1575860770739,806400
1575860770742,1013760
1575860770757,1013760
1575860770763,806400
1575860770775,806400
1575860770789,1013760
1575860770800,990720
1575860770824,829440
1575860770825,829440
1575860770838,990720
1575860770848,990720
1575860770859,806400
1575860770871,806400
1575860770885,990720
1575860770896,990720
1575860770906,806400
1575860770919,806400
1575860770932,990720
1575860770944,990720
1575860770954,806400
1575860770966,806400
1575860770980,990720
1575860770993,990720
1575860771002,806400
1575860771014,806400
1575860771028,990720
1575860771040,1082880
1575860771049,806400
1575860771062,806400
1575860771075,1082880
1575860771087,1082880
1575860771098,1059840
1575860771110,1082880
1575860771123,1082880
1575860771136,1082880
1575860771147,1082880
1575860771157,1082880
1575860771171,1082880
1575860771189,1082880
1575860771192,1036800
1575860771212,1036800
1575860771220,1082880
1575860771240,1082880
1575860771241,1036800
1575860771254,967680
1575860771280,1082880
1575860771282,967680
1575860771290,967680
1575860771303,967680
1575860771317,852480
1575860771328,852480
1575860771338,967680
1575860771350,967680
1575860771369,852480
1575860771377,852480
1575860771386,967680
1575860771397,967680
1575860771411,852480
1575860771422,852480
1575860771434,967680
1575860771445,967680
1575860771459,852480
1575860771472,852480
1575860771482,967680
1575860771494,1082880
1575860771512,852480
1575860771520,852480
1575860771530,1082880
1575860771543,1082880
1575860771554,967680
1575860771566,967680
1575860771578,1082880
1575860771589,1059840
1575860771606,967680
1575860771615,967680
1575860771626,1059840
1575860771640,1059840
1575860771650,967680
1575860771665,967680
1575860771673,1059840
1575860771686,1059840
1575860771698,967680
1575860771710,967680
1575860771727,1059840
1575860771736,1059840
1575860771748,967680
1575860771759,967680
1575860771769,967680
1575860771783,967680
1575860771797,1013760
1575860771807,1013760
1575860771817,967680
1575860771836,967680
1575860771840,990720
1575860771858,990720
1575860771867,967680
1575860771876,921600
1575860771897,990720
1575860771901,990720
1575860771916,921600
1575860771927,921600
1575860771936,898560
1575860771949,898560
1575860771960,921600
1575860771972,921600
1575860771985,898560
1575860771999,898560
1575860772007,921600
1575860772021,921600
1575860772033,898560
1575860772046,898560
1575860772056,921600
1575860772067,921600
1575860772085,898560
1575860772092,898560
1575860772104,921600
1575860772116,1013760
1575860772127,898560
1575860772148,898560
1575860772157,1013760
1575860772163,1013760
1575860772177,967680
1575860772188,921600
1575860772199,967680
1575860772211,967680
1575860772223,921600
1575860772236,921600
1575860772247,967680
1575860772259,967680
1575860772272,921600
1575860772288,921600
1575860772295,967680
1575860772306,967680
1575860772320,921600
1575860772336,921600
1575860772342,967680
1575860772355,967680
1575860772368,921600
1575860772380,921600
1575860772391,967680
1575860772402,967680
1575860772418,921600
1575860772429,1013760
1575860772439,1082880
1575860772450,1082880
1575860772464,1013760
1575860772475,1013760
1575860772485,1059840
1575860772498,1059840
1575860772515,1013760
1575860772523,1013760
1575860772533,1059840
1575860772545,1059840
1575860772560,1013760
1575860772577,1013760
1575860772581,1059840
1575860772593,1059840
1575860772607,1013760
1575860772620,990720
1575860772629,1059840
1575860772641,1059840
1575860772654,990720
1575860772668,990720
1575860772677,1059840
1575860772696,1059840
1575860772703,990720
1575860772718,990720
1575860772724,1082880
1575860772736,921600
1575860772750,990720
1575860772769,990720
1575860772773,921600
1575860772788,921600
1575860772797,990720
1575860772813,990720
1575860772827,921600
1575860772836,921600
1575860772846,990720
1575860772858,1013760
1575860772868,921600
1575860772879,921600
1575860772896,1013760
1575860772904,1013760
1575860772915,921600
1575860772928,921600
1575860772941,1013760
1575860772952,1013760
1575860772964,921600
1575860772976,944640
1575860772989,1013760
1575860773002,1013760
1575860773017,944640
1575860773026,944640
1575860773037,1013760
1575860773048,1013760
1575860773060,944640
1575860773072,944640
1575860773084,1013760
1575860773097,1036800
1575860773116,990720
1575860773120,990720
1575860773139,1036800
1575860773146,1036800
1575860773155,898560
1575860773167,898560
1575860773181,967680
1575860773194,967680
1575860773204,898560
1575860773216,898560
1575860773227,967680
1575860773249,967680
1575860773252,898560
1575860773263,898560
1575860773276,967680
1575860773288,898560
1575860773299,898560
1575860773310,898560
1575860773324,898560
1575860773337,898560
1575860773347,898560
1575860773359,898560
1575860773372,898560
1575860773384,898560
1575860773396,1082880
1575860773406,1082880
1575860773419,898560
1575860773431,898560
1575860773443,1082880
1575860773456,1082880
1575860773467,898560
1575860773479,898560
1575860773493,1082880
1575860773502,1059840
1575860773515,898560
1575860773525,1059840
1575860773539,1059840
1575860773550,1059840
1575860773563,1059840
1575860773576,1059840
1575860773586,1059840
1575860773598,1059840
1575860773611,1059840
1575860773623,1059840
1575860773634,1059840
1575860773646,1059840
1575860773659,1059840
1575860773670,1059840
1575860773681,1059840
1575860773693,1059840
1575860773707,1059840
1575860773719,1059840
1575860773729,1059840
1575860773742,1059840
1575860773755,1059840
1575860773767,1082880
1575860773777,1082880
1575860773789,1082880
1575860773801,1059840
1575860773814,1059840
1575860773825,1082880
1575860773836,1082880
1575860773850,1059840
1575860773863,1059840
1575860773873,1082880
1575860773885,1082880
1575860773897,1059840
1575860773909,1059840
1575860773920,1082880
1575860773932,1082880
1575860773946,1059840
1575860773958,1059840
1575860773968,1082880
1575860773980,1082880
1575860773993,1059840
1575860774005,1059840
1575860774015,1082880
1575860774027,1082880
1575860774040,1059840
1575860774052,1059840
1575860774065,1082880
1575860774076,1082880
1575860774088,1059840
1575860774101,1059840
1575860774112,1082880
1575860774124,1082880
1575860774137,1059840
1575860774149,1082880
1575860774160,1082880
1575860774171,1082880
1575860774184,1082880
1575860774196,1082880
1575860774207,1082880
1575860774221,1082880
1575860774232,1082880
1575860774244,1082880
1575860774256,1082880
1575860774267,1059840
1575860774279,1082880
1575860774291,1059840
1575860774302,1059840
1575860774315,1059840
1575860774327,1059840
1575860774339,1059840
1575860774352,1059840
1575860774363,1059840
1575860774375,1059840
1575860774387,1059840
1575860774400,1059840
1575860774412,1059840
1575860774422,1059840
1575860774434,1059840
1575860774446,1059840
1575860774459,1059840
1575860774471,1059840
1575860774482,1059840
1575860774494,1059840
1575860774507,1059840
1575860774518,1059840
1575860774531,1082880
1575860774543,1059840
1575860774555,1059840
1575860774565,1082880
1575860774579,1082880
1575860774591,1059840
1575860774602,1059840
1575860774616,1082880
1575860774625,1059840
1575860774638,1059840
1575860774650,1059840
1575860774666,1059840
1575860774675,1059840
1575860774687,1082880
1575860774698,1082880
1575860774712,1036800
1575860774722,1036800
1575860774734,1082880
1575860774745,1082880
1575860774756,1013760
1575860774771,1013760
1575860774781,1082880
1575860774793,1082880
1575860774804,1013760
1575860774819,1013760
1575860774828,1082880
1575860774841,1082880
1575860774855,1013760
1575860774865,1013760
1575860774880,1082880
1575860774889,1082880
1575860774903,1013760
1575860774912,1013760
1575860774928,1082880
1575860774937,1082880
1575860774948,1013760
1575860774959,1013760
1575860774973,1036800
1575860774984,1036800
1575860774996,1013760
1575860775011,1013760
1575860775020,1036800
1575860775036,1036800
1575860775045,1013760
1575860775057,1013760
1575860775070,1036800
1575860775082,1036800
1575860775094,1013760
1575860775106,1013760
1575860775118,1036800
1575860775130,1036800
1575860775141,1013760
1575860775152,1013760
1575860775164,1036800
1575860775177,1036800
1575860775187,1059840
1575860775200,1059840
1575860775215,1059840
1575860775224,1059840
1575860775238,1059840
1575860775248,1059840
1575860775260,1036800
1575860775271,1036800
1575860775285,1059840
1575860775298,1059840
1575860775308,1036800
1575860775329,1036800
1575860775338,1059840
1575860775346,1059840
1575860775357,1036800
1575860775369,921600
1575860775389,1059840
1575860775391,1036800
1575860775404,921600
1575860775417,921600
1575860775429,921600
1575860775440,921600
1575860775453,921600
1575860775468,921600
1575860775476,921600
1575860775489,921600
1575860775500,921600
1575860775515,921600
1575860775523,921600
1575860775534,921600
1575860775550,921600
1575860775562,921600
1575860775573,921600
1575860775585,921600
1575860775596,921600
1575860775608,1036800
1575860775620,921600
1575860775640,921600
1575860775645,1036800
1575860775655,1036800
1575860775669,1036800
1575860775679,875520
1575860775689,1013760
1575860775701,1013760
1575860775714,875520
1575860775725,875520
1575860775737,1013760
1575860775749,1013760
1575860775761,875520
1575860775774,875520
1575860775785,1013760
1575860775797,1013760
1575860775810,875520
1575860775821,875520
1575860775832,1013760
1575860775845,1013760
1575860775857,875520
1575860775869,875520
1575860775880,1013760
1575860775893,1013760
1575860775904,875520
1575860775918,1036800
1575860775928,1059840
1575860775939,1059840
1575860775954,1059840
1575860775964,1059840
1575860775976,1059840
1575860775988,1059840
1575860776002,1059840
1575860776012,1059840
1575860776024,1059840
1575860776036,1059840
1575860776049,1059840
1575860776059,1059840
1575860776071,1059840
1575860776083,1059840
1575860776096,1059840
1575860776107,1059840
1575860776119,1059840
1575860776132,1059840
1575860776145,1059840
1575860776155,1059840
1575860776167,1059840
1575860776179,1082880
1575860776191,1059840
1575860776204,1059840
1575860776215,1082880
1575860776227,1082880
1575860776240,1059840
1575860776251,1059840
1575860776262,1082880
1575860776274,1082880
1575860776286,1059840
1575860776299,1059840
1575860776310,1082880
1575860776323,1082880
1575860776336,1059840
1575860776348,1059840
1575860776358,1082880
1575860776371,1082880
1575860776384,1059840
1575860776395,1059840
1575860776406,1082880
1575860776417,1059840
1575860776430,1059840
1575860776443,1059840
1575860776453,1059840
1575860776466,1059840
1575860776479,1059840
1575860776490,1059840
1575860776501,1059840
1575860776514,1059840
1575860776527,1059840
1575860776540,1059840
1575860776550,1059840
1575860776561,1059840
1575860776574,1059840
1575860776587,1059840
1575860776597,1059840
1575860776609,1059840
1575860776622,1059840
1575860776634,1059840
1575860776645,1059840
1575860776659,1082880
1575860776669,1082880
1575860776682,1082880
1575860776693,1082880
1575860776705,1059840
1575860776717,1082880
1575860776731,1082880
1575860776740,1059840
1575860776753,1059840
1575860776765,1082880
1575860776778,1082880
1575860776789,1059840
1575860776801,1059840
1575860776813,1082880
1575860776827,1082880
1575860776836,1059840
1575860776848,1059840
1575860776860,1082880
1575860776873,1059840
1575860776885,1059840
1575860776896,1059840
1575860776908,1059840
1575860776920,1059840
1575860776932,1059840
1575860776944,1059840
1575860776956,1059840
1575860776968,1059840
1575860776980,1059840
1575860776992,1059840
1575860777004,1059840
1575860777019,1059840
1575860777028,1059840
1575860777039,1059840
1575860777053,1059840
1575860777065,1036800
1575860777076,1059840
1575860777087,1059840
1575860777099,1036800
1575860777111,1036800
1575860777123,1059840
1575860777135,1059840
1575860777147,1036800
1575860777160,1036800
1575860777171,1082880
1575860777183,1082880
1575860777195,1036800
1575860777206,1036800
1575860777218,1082880
1575860777231,1082880
1575860777243,1036800
1575860777254,1036800
1575860777266,1082880
1575860777278,1082880
1575860777291,1036800
1575860777303,1059840
1575860777314,1082880
1575860777326,1082880
1575860777339,1059840
1575860777351,1059840
1575860777363,1082880
1575860777374,1082880
1575860777387,1059840
1575860777399,1059840
1575860777411,1082880
1575860777423,1082880
1575860777434,1059840
1575860777447,1082880
1575860777457,1059840
1575860777469,1059840
1575860777483,1082880
1575860777495,1082880
1575860777506,1059840
1575860777517,1059840
1575860777530,1082880
1575860777542,1082880
1575860777553,1059840
1575860777565,1059840
1575860777578,1082880
1575860777589,1082880
1575860777600,1059840
1575860777613,1059840
1575860777625,1082880
1575860777638,1082880
1575860777650,1059840
1575860777660,1059840
1575860777673,1082880
1575860777686,1082880
1575860777697,1059840
1575860777711,1082880
1575860777720,1082880
1575860777733,1082880
1575860777745,1082880
1575860777756,1036800
1575860777769,1082880
1575860777781,1082880
1575860777793,1036800
1575860777804,1036800
1575860777816,1082880
1575860777829,1082880
1575860777840,1036800
1575860777852,1036800
1575860777865,1082880
1575860777876,1082880
1575860777888,1036800
1575860777900,1036800
1575860777913,1082880
1575860777924,1082880
1575860777936,1036800
1575860777948,1036800
1575860777962,1082880
1575860777973,1082880
1575860777984,1036800
1575860777995,1082880
1575860778008,1059840
1575860778022,1059840
1575860778031,1082880
1575860778043,1082880
1575860778055,1059840
1575860778068,1059840
1575860778078,1082880
1575860778090,1082880
1575860778103,1059840
1575860778116,1059840
1575860778127,1082880
1575860778138,1082880
1575860778151,1059840
1575860778162,1059840
1575860778174,1082880
1575860778187,1082880
1575860778198,1059840
1575860778211,1059840
1575860778222,1082880
1575860778234,1082880
1575860778248,1059840
1575860778260,1059840
1575860778270,1082880
1575860778282,1082880
1575860778294,1059840
1575860778307,1059840
1575860778318,1082880
1575860778330,1082880
1575860778344,1059840
1575860778355,1059840
1575860778366,1082880
1575860778378,1082880
1575860778390,1059840
1575860778403,1059840
1575860778414,1082880
1575860778425,1082880
1575860778438,1059840
1575860778451,1059840
1575860778462,1082880
1575860778473,1082880
1575860778486,1059840
1575860778499,1059840
1575860778510,1082880
1575860778522,1082880
1575860778533,1059840
1575860778545,1059840
1575860778557,1082880
1575860778569,1082880
1575860778582,1059840
1575860778593,1059840
1575860778605,1082880
1575860778617,1082880
1575860778629,1059840
1575860778641,1059840
1575860778653,1082880
1575860778664,1082880
1575860778678,1059840
1575860778689,1059840
1575860778701,1082880
1575860778713,1082880
1575860778726,1059840
1575860778736,1059840
1575860778748,1082880
1575860778761,1082880
1575860778773,1059840
1575860778786,1082880
1575860778796,1082880
1575860778809,1082880
1575860778821,1082880
1575860778832,1059840
1575860778843,1082880
1575860778856,1082880
1575860778868,1059840
1575860778881,1059840
1575860778891,1082880
1575860778904,1082880
1575860778916,1059840
1575860778928,1059840
1575860778939,1082880
1575860778951,1082880
1575860778964,1059840
1575860778976,1059840
1575860778988,1082880
1575860779000,1082880
1575860779011,1059840
1575860779023,1059840
1575860779035,1082880
1575860779047,1082880
1575860779060,1059840
1575860779071,1059840
1575860779083,1082880
1575860779094,1082880
1575860779107,1059840
1575860779119,1059840
1575860779131,1082880
1575860779143,1082880
1575860779155,1059840
1575860779167,1082880
1575860779178,1082880
1575860779190,1082880
1575860779203,1082880
1575860779214,1082880
1575860779227,1082880
1575860779239,1082880
1575860779250,1082880
1575860779263,1082880
1575860779274,1082880
1575860779286,1082880
1575860779298,1082880
1575860779310,1082880
1575860779322,1082880
1575860779334,1082880
1575860779346,1082880
1575860779358,1082880
1575860779369,1082880
1575860779382,1082880
1575860779394,1082880
1575860779406,1082880
1575860779418,1082880
1575860779430,1082880
1575860779443,1082880
1575860779454,1082880
1575860779465,1082880
1575860779477,1082880
1575860779489,1059840
1575860779501,1059840
1575860779513,1082880
1575860779526,1082880
1575860779538,1059840
1575860779550,1059840
1575860779561,1082880
1575860779574,1082880
1575860779586,1059840
1575860779598,1059840
1575860779609,1082880
1575860779621,1082880
1575860779633,1059840
1575860779645,1059840
1575860779657,1082880
1575860779668,1082880
1575860779681,1059840
1575860779692,1059840
1575860779705,1082880
1575860779716,1082880
1575860779728,1082880
1575860779740,1082880
1575860779752,1082880
1575860779764,1082880
1575860779776,1082880
1575860779789,1082880
1575860779800,1082880
1575860779813,1082880
1575860779825,1082880
1575860779836,1082880
1575860779848,1082880
1575860779860,1082880
1575860779871,1059840
1575860779884,1059840
1575860779895,1082880
1575860779908,1082880
1575860779921,1059840
1575860779932,1059840
1575860779943,1082880
1575860779955,1082880
1575860779967,1059840
1575860779979,1059840
1575860779991,1082880
1575860780004,1082880
1575860780016,1059840
1575860780027,1059840
1575860780039,1082880
1575860780051,1082880
1575860780063,1059840
1575860780076,1059840
1575860780086,1082880
1575860780098,1082880
1575860780112,1059840
1575860780123,1059840
1575860780135,1082880
1575860780146,1082880
1575860780160,1059840
1575860780171,1059840
1575860780182,1082880
1575860780195,1082880
1575860780207,1082880
1575860780219,1082880
1575860780230,1082880
1575860780242,1082880
1575860780254,1082880
1575860780268,1082880
1575860780277,1082880
1575860780290,1082880
1575860780302,1082880
1575860780314,1059840
1575860780327,1082880
1575860780338,1082880
1575860780350,1059840
1575860780362,1059840
1575860780374,1082880
1575860780386,1082880
1575860780398,1059840
1575860780410,1059840
1575860780422,1082880
1575860780434,1082880
1575860780445,1059840
1575860780457,1059840
1575860780469,1082880
1575860780481,1082880
1575860780493,1059840
1575860780506,1059840
1575860780517,1082880
1575860780529,1082880
1575860780542,1059840
1575860780553,1082880
1575860780565,1082880
1575860780578,1082880
1575860780589,1082880
1575860780601,1082880
1575860780613,1082880
1575860780625,1082880
1575860780639,1082880
1575860780649,1082880
1575860780664,1082880
1575860780672,1082880
1575860780685,1059840
1575860780698,1059840
1575860780709,1036800
1575860780720,1036800
1575860780732,1059840
1575860780746,1059840
1575860780756,1036800
1575860780768,1036800
1575860780780,1059840
1575860780793,1059840
1575860780804,1036800
1575860780816,1036800
1575860780828,1059840
1575860780842,1059840
1575860780852,1036800
1575860780864,1036800
1575860780875,1059840
1575860780892,1059840
1575860780899,1036800
1575860780911,1036800
1575860780924,1082880
1575860780938,1059840
1575860780947,1082880
1575860780959,1082880
1575860780971,1059840
1575860780986,1059840
1575860780995,1082880
1575860781010,1082880
1575860781019,1059840
1575860781031,1036800
1575860781043,1082880
1575860781055,1036800
1575860781067,1036800
1575860781079,1036800
1575860781091,1036800
1575860781103,1036800
1575860781114,1036800
1575860781126,1036800
1575860781138,1036800
1575860781150,1036800
1575860781162,1036800
1575860781174,1036800
1575860781186,1036800
1575860781198,1036800
1575860781211,1036800
1575860781222,1036800
1575860781234,1036800
1575860781246,1036800
1575860781258,1036800
1575860781270,1059840
1575860781282,1036800
1575860781294,1082880
1575860781306,1059840
1575860781317,1059840
1575860781330,1082880
1575860781342,1082880
1575860781370,921600
