1575853085451,2
1575853085451,2
1575853085459,11528
1575853085461,23048
1575853085466,20167
1575853085469,2
1575853085469,2
1575853085479,20167
1575853085498,20167
1575853085510,59081
1575853085516,118121
1575853085526,20167
1575853085542,20167
1575853085552,118121
1575853085565,118121
1575853085576,20167
1575853085593,20167
1575853085599,118121
1575853085612,118121
1575853085628,20167
1575853085635,20167
1575853085651,118121
1575853085659,118121
1575853085673,20160
1575853085681,51840
1575853085698,118121
1575853085708,118121
1575853085724,92160
1575853085730,120960
1575853085743,121002
1575853085760,120960
1575853085766,120960
1575853085778,120960
1575853085790,129600
1575853085802,120960
1575853085815,120960
1575853085827,120960
1575853085840,120960
1575853085857,120960
1575853085861,120960
1575853085875,120960
1575853085886,120960
1575853085902,120960
1575853085910,120960
1575853085923,120960
1575853085938,120960
1575853085947,120960
1575853085957,120960
1575853085971,120960
1575853085981,120960
1575853085992,120960
1575853086007,132480
1575853086019,132480
1575853086029,120960
1575853086041,123840
1575853086053,132480
1575853086064,129600
1575853086077,123840
1575853086088,123840
1575853086101,129600
1575853086115,129600
1575853086125,123840
1575853086142,123840
1575853086147,129600
1575853086170,129600
1575853086171,123840
1575853086184,120960
1575853086197,129600
1575853086210,115200
1575853086221,120960
1575853086233,120960
1575853086251,115200
1575853086256,115200
1575853086274,120960
1575853086279,120960
1575853086290,112320
1575853086305,112320
1575853086318,120960
1575853086329,120960
1575853086339,112320
1575853086352,112320
1575853086364,120960
1575853086377,120960
1575853086389,112320
1575853086401,112320
1575853086419,120960
1575853086424,126720
1575853086435,112320
1575853086454,112320
1575853086458,112320
1575853086472,112320
1575853086484,112320
1575853086499,112320
1575853086507,112320
1575853086519,112320
1575853086531,129600
1575853086543,126720
1575853086554,112320
1575853086566,112320
1575853086592,126720
1575853086601,126720
1575853086604,112320
1575853086613,112320
1575853086626,97920
1575853086638,97920
1575853086651,112320
1575853086663,112320
1575853086675,97920
1575853086687,97920
1575853086701,132480
1575853086710,132480
1575853086722,97920
1575853086738,97920
1575853086747,132480
1575853086763,132480
1575853086768,97920
1575853086784,97920
1575853086795,132480
1575853086807,126720
1575853086818,97920
1575853086831,97920
1575853086841,126720
1575853086852,126720
1575853086869,106560
1575853086878,132480
1575853086891,126720
1575853086902,126720
1575853086914,129600
1575853086925,129600
1575853086937,126720
1575853086950,126720
1575853086961,129600
1575853086971,129600
1575853086986,126720
1575853086999,126720
1575853087009,129600
1575853087024,129600
1575853087034,126720
1575853087051,129600
1575853087057,129600
1575853087069,129600
1575853087080,129600
1575853087092,118080
1575853087103,129600
1575853087115,129600
1575853087128,118080
1575853087143,118080
1575853087154,129600
1575853087169,129600
1575853087178,118080
1575853087190,118080
1575853087202,129600
1575853087222,129600
1575853087222,118080
1575853087235,118080
1575853087250,129600
1575853087259,106560
1575853087271,118080
1575853087283,118080
1575853087296,106560
1575853087309,106560
1575853087319,118080
1575853087332,126720
1575853087347,106560
1575853087356,106560
1575853087368,126720
1575853087381,126720
1575853087393,106560
1575853087404,106560
1575853087414,126720
1575853087428,126720
1575853087439,106560
1575853087452,106560
1575853087463,129600
1575853087476,132480
1575853087487,106560
1575853087501,132480
1575853087509,132480
1575853087522,132480
1575853087536,132480
1575853087547,132480
1575853087557,132480
1575853087569,132480
1575853087583,132480
1575853087595,132480
1575853087606,132480
1575853087618,132480
1575853087631,132480
1575853087642,132480
1575853087652,132480
1575853087665,132480
1575853087677,132480
1575853087689,132480
1575853087701,132480
1575853087714,132480
1575853087725,132480
1575853087739,132480
1575853087749,132480
1575853087761,132480
1575853087780,132480
1575853087784,126720
1575853087797,132480
1575853087817,132480
1575853087820,115200
1575853087834,115200
1575853087844,132480
1575853087859,120960
1575853087869,115200
1575853087882,115200
1575853087892,120960
1575853087903,120960
1575853087917,115200
1575853087929,115200
1575853087941,120960
1575853087957,120960
1575853087964,115200
1575853087976,115200
1575853087988,120960
1575853088000,120960
1575853088012,115200
1575853088025,115200
1575853088039,120960
1575853088048,120960
1575853088061,135360
1575853088072,135360
1575853088084,120960
1575853088097,123840
1575853088108,135360
1575853088120,135360
1575853088131,123840
1575853088143,123840
1575853088154,132480
1575853088169,132480
1575853088188,123840
1575853088192,123840
1575853088204,132480
1575853088217,132480
1575853088226,109440
1575853088239,109440
1575853088251,132480
1575853088264,132480
1575853088277,109440
1575853088286,109440
1575853088300,132480
1575853088312,132480
1575853088323,109440
1575853088336,109440
1575853088350,132480
1575853088358,132480
1575853088377,109440
1575853088384,109440
1575853088396,132480
1575853088407,132480
1575853088419,109440
1575853088430,109440
1575853088442,132480
1575853088456,132480
1575853088466,120960
1575853088478,120960
1575853088489,132480
1575853088502,132480
1575853088517,120960
1575853088526,120960
1575853088538,132480
1575853088552,132480
1575853088561,120960
1575853088575,120960
1575853088587,132480
1575853088597,126720
1575853088610,120960
1575853088621,120960
1575853088637,126720
1575853088646,126720
1575853088658,126720
1575853088672,126720
1575853088682,126720
1575853088700,126720
1575853088705,126720
1575853088717,126720
1575853088729,126720
1575853088742,120960
1575853088754,126720
1575853088769,126720
1575853088779,120960
1575853088789,120960
1575853088799,129600
1575853088812,123840
1575853088824,120960
1575853088837,120960
1575853088849,123840
1575853088867,123840
1575853088873,120960
1575853088884,120960
1575853088896,123840
1575853088909,120960
1575853088920,120960
1575853088933,120960
1575853088944,120960
1575853088959,120960
1575853088968,120960
1575853088980,129600
1575853088992,120960
1575853089004,120960
1575853089016,129600
1575853089038,129600
1575853089039,120960
1575853089052,120960
1575853089064,135360
1575853089077,112320
1575853089087,120960
1575853089101,120960
1575853089118,112320
1575853089124,112320
1575853089137,120960
1575853089147,129600
1575853089160,112320
1575853089170,112320
1575853089182,129600
1575853089196,129600
1575853089207,112320
1575853089219,112320
1575853089236,129600
1575853089243,129600
1575853089254,112320
1575853089267,112320
1575853089280,126720
1575853089290,126720
1575853089303,112320
1575853089317,120960
1575853089327,126720
1575853089337,126720
1575853089351,120960
1575853089361,120960
1575853089378,126720
1575853089386,126720
1575853089398,126720
1575853089411,126720
1575853089426,126720
1575853089433,126720
1575853089447,126720
1575853089459,126720
1575853089473,126720
1575853089483,126720
1575853089500,126720
1575853089506,126720
1575853089517,126720
1575853089531,126720
1575853089541,118080
1575853089555,118080
1575853089566,126720
1575853089578,126720
1575853089589,118080
1575853089601,118080
1575853089612,126720
1575853089628,126720
1575853089638,118080
1575853089650,118080
1575853089660,126720
1575853089677,126720
1575853089685,118080
1575853089697,118080
1575853089710,126720
1575853089720,123840
1575853089736,118080
1575853089748,118080
1575853089757,123840
1575853089768,123840
1575853089781,129600
1575853089798,129600
1575853089804,123840
1575853089817,123840
1575853089829,129600
1575853089843,129600
1575853089852,123840
1575853089864,123840
1575853089880,129600
1575853089889,129600
1575853089900,123840
1575853089911,123840
1575853089927,129600
1575853089936,129600
1575853089947,123840
1575853089959,135360
1575853089971,126720
1575853089987,126720
1575853089995,135360
1575853090008,135360
1575853090020,126720
1575853090033,126720
1575853090048,135360
1575853090056,135360
1575853090067,126720
1575853090079,126720
1575853090091,123840
1575853090103,123840
1575853090116,126720
1575853090127,126720
1575853090138,123840
1575853090151,123840
1575853090162,126720
1575853090175,126720
1575853090187,123840
1575853090199,123840
1575853090211,132480
1575853090223,132480
1575853090237,123840
1575853090246,123840
1575853090260,132480
1575853090271,132480
1575853090288,123840
1575853090295,123840
1575853090306,132480
1575853090319,132480
1575853090331,123840
1575853090342,123840
1575853090356,132480
1575853090367,132480
1575853090379,123840
1575853090389,123840
1575853090402,129600
1575853090416,129600
1575853090427,123840
1575853090437,123840
1575853090449,129600
1575853090469,129600
1575853090473,123840
1575853090487,123840
1575853090498,129600
1575853090511,120960
1575853090522,123840
1575853090533,123840
1575853090546,120960
1575853090559,120960
1575853090570,132480
1575853090581,132480
1575853090592,120960
1575853090606,120960
1575853090620,132480
1575853090630,132480
1575853090641,120960
1575853090657,120960
1575853090664,126720
1575853090680,126720
1575853090697,120960
1575853090702,120960
1575853090714,126720
1575853090725,126720
1575853090736,112320
1575853090751,112320
1575853090761,126720
1575853090773,126720
1575853090785,112320
1575853090796,112320
1575853090809,126720
1575853090821,126720
1575853090833,112320
1575853090844,112320
1575853090857,126720
1575853090868,126720
1575853090881,112320
1575853090893,112320
1575853090908,129600
1575853090917,129600
1575853090927,112320
1575853090941,112320
1575853090955,129600
1575853090965,135360
1575853090978,129600
1575853090988,129600
1575853090999,126720
1575853091018,126720
1575853091024,129600
1575853091037,132480
1575853091048,126720
1575853091060,120960
1575853091071,132480
1575853091088,132480
1575853091098,120960
1575853091107,120960
1575853091120,132480
1575853091132,126720
1575853091143,120960
1575853091155,120960
1575853091169,126720
1575853091181,126720
1575853091191,120960
1575853091207,120960
1575853091215,126720
1575853091227,126720
1575853091238,120960
1575853091250,120960
1575853091268,126720
1575853091275,126720
1575853091285,120960
1575853091299,123840
1575853091312,126720
1575853091323,126720
1575853091336,123840
1575853091345,123840
1575853091358,126720
1575853091370,126720
1575853091387,123840
1575853091395,123840
1575853091408,126720
1575853091419,126720
1575853091436,123840
1575853091442,123840
1575853091455,126720
1575853091468,126720
1575853091478,120960
1575853091490,120960
1575853091502,126720
1575853091518,126720
1575853091526,120960
1575853091539,120960
1575853091550,132480
1575853091567,132480
1575853091574,120960
1575853091585,120960
1575853091598,135360
1575853091609,120960
1575853091620,120960
1575853091634,120960
1575853091647,120960
1575853091658,120960
1575853091669,120960
1575853091680,120960
1575853091694,120960
1575853091705,120960
1575853091716,132480
1575853091732,132480
1575853091741,120960
1575853091757,120960
1575853091765,132480
1575853091778,132480
1575853091788,120960
1575853091800,120960
1575853091816,132480
1575853091823,129600
1575853091837,120960
1575853091849,123840
1575853091860,126720
1575853091872,126720
1575853091885,123840
1575853091897,123840
1575853091908,126720
1575853091921,126720
1575853091931,123840
1575853091944,123840
1575853091956,126720
1575853091969,126720
1575853091980,123840
1575853091996,123840
1575853092003,126720
1575853092016,126720
1575853092026,123840
1575853092040,126720
1575853092052,126720
1575853092063,126720
1575853092076,126720
1575853092087,126720
1575853092099,135360
1575853092111,135360
1575853092122,126720
1575853092137,126720
1575853092147,135360
1575853092159,135360
1575853092173,126720
1575853092184,126720
1575853092194,135360
1575853092206,135360
1575853092220,126720
1575853092231,126720
1575853092243,135360
1575853092255,135360
1575853092267,126720
1575853092279,132480
1575853092296,135360
1575853092303,135360
1575853092315,132480
1575853092326,132480
1575853092338,120960
1575853092351,120960
1575853092362,135360
1575853092375,135360
1575853092387,120960
1575853092398,120960
1575853092410,135360
1575853092423,135360
1575853092434,120960
1575853092446,120960
1575853092459,135360
1575853092470,135360
1575853092481,120960
1575853092493,120960
1575853092505,132480
1575853092519,132480
1575853092528,120960
1575853092541,120960
1575853092555,132480
1575853092567,132480
1575853092577,132480
1575853092590,132480
1575853092601,132480
1575853092614,132480
1575853092625,132480
1575853092636,132480
1575853092649,132480
1575853092661,132480
1575853092672,132480
1575853092685,132480
1575853092696,132480
1575853092709,132480
1575853092721,132480
1575853092732,132480
1575853092744,132480
1575853092756,132480
1575853092768,132480
1575853092781,132480
1575853092793,132480
1575853092804,132480
1575853092817,132480
1575853092829,132480
1575853092840,135360
1575853092856,135360
1575853092864,132480
1575853092875,132480
1575853092888,135360
1575853092901,129600
1575853092912,132480
1575853092924,132480
1575853092936,129600
1575853092948,129600
1575853092959,132480
1575853092972,132480
1575853092986,129600
1575853092996,129600
1575853093008,132480
1575853093018,132480
1575853093030,126720
1575853093047,126720
1575853093056,132480
1575853093066,132480
1575853093080,126720
1575853093092,126720
1575853093102,132480
1575853093115,132480
1575853093128,126720
1575853093140,126720
1575853093151,132480
1575853093162,132480
1575853093176,126720
1575853093187,126720
1575853093198,132480
1575853093212,132480
1575853093226,126720
1575853093236,126720
1575853093246,132480
1575853093259,132480
1575853093271,129600
1575853093283,129600
1575853093296,132480
1575853093307,132480
1575853093318,129600
1575853093332,129600
1575853093341,129600
1575853093356,129600
1575853093367,129600
1575853093379,129600
1575853093390,129600
1575853093404,129600
1575853093414,129600
1575853093427,129600
1575853093438,129600
1575853093451,129600
1575853093462,129600
1575853093474,129600
1575853093484,129600
1575853093502,129600
1575853093511,135360
1575853093522,135360
1575853093533,129600
1575853093546,126720
1575853093561,135360
1575853093569,135360
1575853093581,126720
1575853093593,126720
1575853093605,126720
1575853093617,126720
1575853093630,126720
1575853093641,126720
1575853093654,126720
1575853093666,126720
1575853093677,126720
1575853093689,126720
1575853093700,126720
1575853093716,126720
1575853093725,126720
1575853093737,126720
1575853093747,126720
1575853093761,126720
1575853093772,126720
1575853093785,135360
1575853093796,126720
1575853093811,126720
1575853093821,135360
1575853093833,135360
1575853093846,129600
1575853093857,129600
1575853093867,132480
1575853093880,132480
1575853093891,129600
1575853093904,129600
1575853093916,132480
1575853093927,132480
1575853093940,129600
1575853093952,129600
1575853093967,132480
1575853093975,132480
1575853093987,129600
1575853094003,129600
1575853094011,126720
1575853094023,126720
1575853094037,129600
1575853094048,129600
1575853094059,126720
1575853094071,126720
1575853094084,129600
1575853094095,129600
1575853094107,126720
1575853094120,126720
1575853094131,129600
1575853094143,129600
1575853094156,126720
1575853094167,126720
1575853094179,129600
1575853094190,129600
1575853094202,126720
1575853094216,126720
1575853094227,129600
1575853094239,129600
1575853094255,132480
1575853094262,132480
1575853094275,129600
1575853094287,135360
1575853094299,126720
1575853094311,126720
1575853094324,135360
1575853094334,135360
1575853094346,126720
1575853094359,126720
1575853094370,132480
1575853094383,132480
1575853094394,126720
1575853094408,126720
1575853094418,132480
1575853094429,132480
1575853094441,126720
1575853094455,126720
1575853094466,132480
1575853094478,132480
1575853094493,126720
1575853094502,126720
1575853094516,132480
1575853094525,132480
1575853094538,129600
1575853094550,129600
1575853094562,132480
1575853094575,132480
1575853094584,129600
1575853094598,129600
1575853094613,132480
1575853094621,132480
1575853094633,129600
1575853094647,129600
1575853094657,126720
1575853094669,126720
1575853094680,129600
1575853094693,129600
1575853094704,126720
1575853094717,126720
1575853094729,129600
1575853094741,129600
1575853094756,126720
1575853094764,126720
1575853094776,132480
1575853094788,132480
1575853094800,126720
1575853094811,126720
1575853094824,132480
1575853094837,132480
1575853094848,126720
1575853094859,126720
1575853094871,132480
1575853094884,132480
1575853094896,126720
1575853094908,126720
1575853094920,132480
1575853094935,135360
1575853094947,126720
1575853094955,126720
1575853094967,135360
1575853094979,126720
1575853094996,126720
1575853095003,126720
1575853095016,126720
1575853095028,126720
1575853095039,123840
1575853095051,123840
1575853095063,126720
1575853095076,126720
1575853095086,123840
1575853095101,123840
1575853095111,126720
1575853095123,126720
1575853095135,123840
1575853095147,123840
1575853095159,126720
1575853095176,126720
1575853095183,123840
1575853095197,123840
1575853095206,126720
1575853095219,123840
1575853095231,123840
1575853095243,123840
1575853095254,123840
1575853095266,123840
1575853095279,132480
1575853095290,132480
1575853095306,123840
1575853095315,123840
1575853095327,132480
1575853095339,132480
1575853095350,123840
1575853095362,123840
1575853095374,132480
1575853095386,132480
1575853095398,123840
1575853095410,123840
1575853095426,132480
1575853095433,132480
1575853095446,123840
1575853095459,126720
1575853095469,123840
1575853095486,123840
1575853095493,126720
1575853095504,126720
1575853095517,123840
1575853095529,123840
1575853095541,126720
1575853095553,126720
1575853095564,123840
1575853095577,123840
1575853095589,129600
1575853095600,129600
1575853095612,123840
1575853095624,123840
1575853095637,129600
1575853095657,129600
1575853095661,123840
1575853095673,123840
1575853095686,129600
1575853095696,112320
1575853095709,123840
1575853095720,123840
1575853095733,112320
1575853095744,112320
1575853095756,123840
1575853095770,135360
1575853095779,112320
1575853095792,112320
1575853095804,135360
1575853095815,129600
1575853095827,112320
1575853095839,112320
1575853095852,129600
1575853095866,129600
1575853095875,112320
1575853095887,112320
1575853095907,129600
1575853095911,129600
1575853095924,112320
1575853095935,132480
1575853095956,129600
1575853095959,129600
1575853095971,132480
1575853095983,132480
1575853095995,112320
1575853096008,112320
1575853096019,135360
1575853096036,135360
1575853096043,112320
1575853096055,112320
1575853096067,135360
1575853096079,123840
1575853096090,112320
1575853096102,112320
1575853096116,123840
1575853096126,123840
1575853096139,112320
1575853096151,112320
1575853096166,123840
1575853096175,123840
1575853096185,112320
1575853096198,112320
1575853096216,123840
1575853096222,123840
1575853096235,132480
1575853096245,132480
1575853096258,120960
1575853096269,120960
1575853096286,132480
1575853096295,132480
1575853096306,120960
1575853096318,120960
1575853096331,129600
1575853096342,129600
1575853096354,120960
1575853096365,120960
1575853096378,129600
1575853096391,129600
1575853096401,120960
1575853096414,120960
1575853096425,129600
1575853096438,129600
1575853096457,120960
1575853096462,120960
1575853096473,129600
1575853096486,129600
1575853096506,135360
1575853096508,132480
1575853096527,129600
1575853096533,129600
1575853096544,109440
1575853096558,109440
1575853096569,120960
1575853096581,120960
1575853096592,109440
1575853096606,109440
1575853096617,120960
1575853096627,120960
1575853096640,109440
1575853096653,109440
1575853096664,120960
1575853096676,120960
1575853096689,109440
1575853096700,109440
1575853096711,120960
1575853096724,120960
1575853096736,109440
1575853096747,109440
1575853096761,120960
1575853096776,120960
1575853096785,135360
1575853096797,135360
1575853096807,132480
1575853096819,123840
1575853096832,135360
1575853096842,129600
1575853096856,123840
1575853096867,123840
1575853096879,129600
1575853096895,129600
1575853096903,123840
1575853096916,123840
1575853096927,129600
1575853096940,129600
1575853096954,123840
1575853096963,123840
1575853096975,129600
1575853096987,129600
1575853096999,123840
1575853097010,123840
1575853097022,129600
1575853097036,129600
1575853097047,123840
1575853097058,129600
1575853097070,129600
1575853097082,129600
1575853097094,129600
1575853097105,129600
1575853097118,129600
1575853097131,129600
1575853097142,129600
1575853097155,129600
1575853097166,129600
1575853097186,132480
1575853097189,129600
1575853097206,129600
1575853097213,132480
1575853097225,112320
1575853097239,135360
1575853097255,135360
1575853097263,112320
1575853097274,112320
1575853097285,132480
1575853097298,123840
1575853097310,112320
1575853097321,112320
1575853097333,123840
1575853097345,123840
1575853097358,112320
1575853097369,112320
1575853097381,123840
1575853097393,123840
1575853097406,112320
1575853097418,112320
1575853097430,123840
1575853097441,123840
1575853097456,112320
1575853097464,132480
1575853097477,123840
1575853097490,123840
1575853097500,126720
1575853097512,126720
1575853097524,123840
1575853097539,135360
1575853097548,126720
1575853097563,126720
1575853097575,135360
1575853097584,129600
1575853097598,126720
1575853097608,126720
1575853097619,126720
1575853097635,126720
1575853097645,126720
1575853097656,126720
1575853097668,126720
1575853097680,126720
1575853097692,126720
1575853097706,126720
1575853097715,126720
1575853097728,126720
1575853097739,129600
1575853097751,129600
1575853097765,126720
1575853097775,126720
1575853097787,129600
1575853097805,129600
1575853097811,126720
1575853097824,126720
1575853097835,129600
1575853097848,123840
1575853097858,129600
1575853097871,129600
1575853097884,123840
1575853097895,123840
1575853097906,129600
1575853097920,132480
1575853097933,123840
1575853097942,123840
1575853097956,132480
1575853097966,132480
1575853097978,123840
1575853097996,123840
1575853098002,132480
1575853098014,132480
1575853098027,123840
1575853098038,120960
1575853098051,132480
1575853098063,132480
1575853098074,120960
1575853098087,120960
1575853098098,132480
1575853098110,132480
1575853098122,120960
1575853098134,120960
1575853098155,132480
1575853098157,132480
1575853098170,120960
1575853098184,120960
1575853098193,109440
1575853098205,109440
1575853098217,120960
1575853098236,120960
1575853098241,109440
1575853098255,109440
1575853098265,120960
1575853098278,120960
1575853098289,109440
1575853098301,109440
1575853098314,120960
1575853098325,120960
1575853098337,109440
1575853098348,109440
1575853098364,120960
1575853098373,120960
1575853098385,109440
1575853098397,109440
1575853098416,120960
1575853098421,120960
1575853098434,132480
1575853098446,132480
1575853098456,115200
1575853098475,115200
1575853098480,132480
1575853098496,132480
1575853098505,115200
1575853098517,115200
1575853098528,132480
1575853098540,126720
1575853098552,115200
1575853098565,115200
1575853098579,126720
1575853098588,126720
1575853098600,115200
1575853098614,115200
1575853098623,126720
1575853098636,126720
1575853098648,115200
1575853098659,115200
1575853098671,126720
1575853098685,126720
1575853098695,118080
1575853098709,118080
1575853098725,126720
1575853098731,126720
1575853098743,118080
1575853098755,129600
1575853098767,120960
1575853098782,120960
1575853098791,129600
1575853098805,129600
1575853098815,120960
1575853098838,129600
1575853098851,129600
1575853098863,72000
1575853098875,69120
