1575875921169,16
1575875921169,16
1575875921185,16
1575875921185,16
1575875921199,149864
1575875921203,299624
1575875921203,391952
1575875921208,207432
1575875921212,783632
1575875921223,207432
1575875921234,714488
1575875921245,207432
1575875921264,714488
1575875921268,207432
1575875921284,714488
1575875921291,207432
1575875921306,714488
1575875921323,207432
1575875921330,714488
1575875921340,207432
1575875921353,714488
1575875921365,207432
1575875921378,714488
1575875921388,207432
1575875921402,714488
1575875921412,207360
1575875921427,714488
1575875921435,460800
1575875921451,714240
1575875921459,852480
1575875921475,967680
1575875921482,967680
1575875921501,967680
1575875921508,967680
1575875921520,967680
1575875921532,967680
1575875921543,967680
1575875921556,967680
1575875921569,967680
1575875921579,967680
1575875921593,967680
1575875921603,1082880
1575875921617,967680
1575875921627,1082880
1575875921640,967680
1575875921650,1082880
1575875921664,967680
1575875921674,1082880
1575875921689,967680
1575875921699,1082880
1575875921712,967680
1575875921722,1082880
1575875921736,967680
1575875921745,1059840
1575875921759,967680
1575875921770,1059840
1575875921783,1059840
1575875921794,1059840
1575875921809,1059840
1575875921818,1059840
1575875921832,1059840
1575875921841,1059840
1575875921855,1059840
1575875921866,1059840
1575875921878,1059840
1575875921889,1059840
1575875921903,1059840
1575875921913,1059840
1575875921926,1059840
1575875921937,1059840
1575875921951,1059840
1575875921961,1059840
1575875921975,1059840
1575875921985,1082880
1575875921999,1059840
1575875922013,1082880
1575875922022,1059840
1575875922032,1082880
1575875922050,1059840
1575875922057,1013760
1575875922071,1059840
1575875922081,1013760
1575875922095,1036800
1575875922105,1013760
1575875922119,1036800
1575875922128,1013760
1575875922141,1036800
1575875922153,1013760
1575875922166,1036800
1575875922176,1013760
1575875922190,1036800
1575875922200,1013760
1575875922214,1036800
1575875922225,1013760
1575875922238,1036800
1575875922248,1013760
1575875922261,1036800
1575875922272,1013760
1575875922285,1036800
1575875922296,1082880
1575875922309,1036800
1575875922318,1059840
1575875922334,1059840
1575875922344,1059840
1575875922357,1059840
1575875922367,1059840
1575875922382,1059840
1575875922390,1059840
1575875922404,1059840
1575875922415,1059840
1575875922428,1059840
1575875922439,1059840
1575875922453,1059840
1575875922463,1059840
1575875922477,1059840
1575875922486,1059840
1575875922499,1059840
1575875922510,1059840
1575875922527,1059840
1575875922535,1059840
1575875922549,1059840
1575875922558,1059840
1575875922572,1036800
1575875922582,1059840
1575875922597,1036800
1575875922607,1059840
1575875922619,1036800
1575875922631,1082880
1575875922644,1036800
1575875922653,1059840
1575875922668,1036800
1575875922680,1059840
1575875922693,1036800
1575875922702,1059840
1575875922714,1036800
1575875922726,1059840
1575875922740,1036800
1575875922749,1059840
1575875922762,1036800
1575875922774,1059840
1575875922787,1036800
1575875922798,1059840
1575875922810,1059840
1575875922822,1059840
1575875922834,1059840
1575875922846,1059840
1575875922858,1059840
1575875922869,1059840
1575875922881,1059840
1575875922893,1059840
1575875922907,1059840
1575875922917,1059840
1575875922930,1059840
1575875922941,1059840
1575875922954,1082880
1575875922965,1082880
1575875922979,1082880
1575875922989,1082880
1575875923005,1082880
1575875923012,1082880
1575875923025,1059840
1575875923036,1082880
1575875923050,1036800
1575875923060,1082880
1575875923074,1036800
1575875923084,1082880
1575875923096,1036800
1575875923108,1082880
1575875923122,1036800
1575875923131,1082880
1575875923147,1036800
1575875923156,1082880
1575875923169,1036800
1575875923179,1082880
1575875923194,1036800
1575875923204,1082880
1575875923220,1036800
1575875923227,1082880
1575875923241,1036800
1575875923251,1082880
1575875923266,1036800
1575875923275,1082880
1575875923289,1059840
1575875923300,1082880
1575875923313,1059840
1575875923323,1082880
1575875923337,1059840
1575875923347,1082880
1575875923360,1059840
1575875923370,1082880
1575875923384,1059840
1575875923395,1082880
1575875923408,1059840
1575875923419,1082880
1575875923435,1059840
1575875923442,1082880
1575875923455,1059840
1575875923466,1082880
1575875923481,1059840
1575875923491,1082880
1575875923502,1059840
1575875923518,1082880
1575875923527,1059840
1575875923545,1082880
1575875923552,1059840
1575875923563,1036800
1575875923575,1059840
1575875923588,990720
1575875923598,1036800
1575875923610,990720
1575875923623,1036800
1575875923636,990720
1575875923653,1036800
1575875923664,990720
1575875923669,1036800
1575875923685,990720
1575875923697,1013760
1575875923712,990720
1575875923723,1013760
1575875923733,990720
1575875923744,1013760
1575875923754,967680
1575875923767,1013760
1575875923777,967680
1575875923791,1013760
1575875923804,967680
1575875923814,1013760
1575875923833,967680
1575875923838,1013760
1575875923849,967680
1575875923864,1013760
1575875923873,898560
1575875923886,1013760
1575875923897,898560
1575875923912,1013760
1575875923920,898560
1575875923934,1013760
1575875923953,898560
1575875923959,1013760
1575875923969,898560
1575875923985,1013760
1575875923994,898560
1575875924007,1059840
1575875924016,898560
1575875924031,1059840
1575875924042,898560
1575875924054,1059840
1575875924066,898560
1575875924077,1059840
1575875924089,898560
1575875924104,1059840
1575875924113,944640
1575875924126,1059840
1575875924143,944640
1575875924149,1036800
1575875924159,944640
1575875924174,1036800
1575875924184,944640
1575875924197,1036800
1575875924207,944640
1575875924224,1036800
1575875924232,944640
1575875924245,1036800
1575875924255,944640
1575875924270,1036800
1575875924284,944640
1575875924295,1036800
1575875924303,944640
1575875924323,1036800
1575875924327,944640
1575875924344,1036800
1575875924351,944640
1575875924364,921600
1575875924377,944640
1575875924387,921600
1575875924399,944640
1575875924413,921600
1575875924425,990720
1575875924444,921600
1575875924449,990720
1575875924458,921600
1575875924475,990720
1575875924485,921600
1575875924495,990720
1575875924513,921600
1575875924523,990720
1575875924533,921600
1575875924552,990720
1575875924557,921600
1575875924572,1059840
1575875924582,921600
1575875924598,1036800
1575875924608,944640
1575875924621,1036800
1575875924629,944640
1575875924637,898560
1575875924653,944640
1575875924662,898560
1575875924675,944640
1575875924685,898560
1575875924699,944640
1575875924710,898560
1575875924723,1013760
1575875924734,898560
1575875924747,1013760
1575875924757,898560
1575875924771,1013760
1575875924781,898560
1575875924801,1036800
1575875924805,898560
1575875924819,1036800
1575875924831,898560
1575875924842,944640
1575875924853,898560
1575875924867,944640
1575875924876,944640
1575875924896,944640
1575875924901,1036800
1575875924918,944640
1575875924924,1036800
1575875924948,944640
1575875924949,1036800
1575875924966,944640
1575875924974,1036800
1575875924985,852480
1575875925006,1036800
1575875925009,852480
1575875925022,1036800
1575875925035,852480
1575875925054,1036800
1575875925056,852480
1575875925070,1036800
1575875925082,852480
1575875925093,898560
1575875925106,852480
1575875925116,898560
1575875925127,852480
1575875925141,898560
1575875925160,852480
1575875925165,898560
1575875925176,852480
1575875925188,898560
1575875925211,898560
1575875925212,852480
1575875925225,990720
1575875925239,898560
1575875925248,829440
1575875925260,1036800
1575875925273,1036800
1575875925283,829440
1575875925296,829440
1575875925323,1036800
1575875925325,1036800
1575875925334,829440
1575875925352,829440
1575875925357,783360
1575875925376,783360
1575875925381,829440
1575875925393,829440
1575875925405,783360
1575875925417,783360
1575875925429,829440
1575875925442,829440
1575875925454,783360
1575875925465,783360
1575875925477,829440
1575875925491,944640
1575875925503,783360
1575875925517,783360
1575875925528,944640
1575875925541,944640
1575875925553,783360
1575875925566,783360
1575875925574,944640
1575875925585,944640
1575875925602,944640
1575875925608,944640
1575875925623,944640
1575875925633,1013760
1575875925644,944640
1575875925657,967680
1575875925673,1013760
1575875925683,1013760
1575875925693,967680
1575875925708,967680
1575875925716,990720
1575875925728,990720
1575875925744,967680
1575875925753,967680
1575875925763,990720
1575875925776,990720
1575875925791,967680
1575875925801,967680
1575875925813,990720
1575875925824,990720
1575875925835,967680
1575875925849,967680
1575875925861,990720
1575875925871,990720
1575875925884,1013760
1575875925901,1013760
1575875925909,990720
1575875925919,990720
1575875925931,1013760
1575875925944,990720
1575875925955,1036800
1575875925967,1059840
1575875925981,990720
1575875925993,990720
1575875926003,1059840
1575875926015,1059840
1575875926027,990720
1575875926042,990720
1575875926049,1059840
1575875926062,1059840
1575875926076,990720
1575875926087,990720
1575875926099,1059840
1575875926110,1059840
1575875926124,990720
1575875926144,990720
1575875926146,1059840
1575875926157,1059840
1575875926170,990720
1575875926185,944640
1575875926193,1059840
1575875926205,1059840
1575875926219,944640
1575875926231,944640
1575875926242,1059840
1575875926254,1059840
1575875926267,944640
1575875926279,944640
1575875926290,1082880
1575875926302,1082880
1575875926313,944640
1575875926326,944640
1575875926343,1082880
1575875926349,1082880
1575875926362,944640
1575875926377,944640
1575875926385,967680
1575875926399,967680
1575875926410,944640
1575875926423,1059840
1575875926433,967680
1575875926445,967680
1575875926458,1059840
1575875926471,1059840
1575875926483,967680
1575875926492,967680
1575875926507,1059840
1575875926523,1059840
1575875926530,967680
1575875926540,967680
1575875926554,1059840
1575875926565,967680
1575875926576,967680
1575875926589,967680
1575875926602,967680
1575875926614,967680
1575875926625,1059840
1575875926636,1059840
1575875926653,967680
1575875926662,967680
1575875926673,1059840
1575875926684,1059840
1575875926696,967680
1575875926715,967680
1575875926720,1059840
1575875926732,1059840
1575875926749,967680
1575875926756,944640
1575875926773,1059840
1575875926779,1059840
1575875926794,944640
1575875926805,944640
1575875926823,1082880
1575875926826,1082880
1575875926840,944640
1575875926852,944640
1575875926864,944640
1575875926875,944640
1575875926888,944640
1575875926899,944640
1575875926913,944640
1575875926923,944640
1575875926944,944640
1575875926947,944640
1575875926959,944640
1575875926971,944640
1575875926983,898560
1575875927000,898560
1575875927007,944640
1575875927018,944640
1575875927036,898560
1575875927043,898560
1575875927054,944640
1575875927072,944640
1575875927079,898560
1575875927093,898560
1575875927102,1059840
1575875927118,1036800
1575875927127,898560
1575875927139,898560
1575875927150,1036800
1575875927161,990720
1575875927175,898560
1575875927188,898560
1575875927200,990720
1575875927209,990720
1575875927224,990720
1575875927236,990720
1575875927246,990720
1575875927257,990720
1575875927270,990720
1575875927282,990720
1575875927293,990720
1575875927312,990720
1575875927319,1059840
1575875927334,1059840
1575875927341,990720
1575875927353,944640
1575875927367,1059840
1575875927378,1013760
1575875927389,944640
1575875927401,944640
1575875927413,1013760
1575875927426,1013760
1575875927436,944640
1575875927449,944640
1575875927462,1013760
1575875927473,1013760
1575875927484,944640
1575875927496,944640
1575875927509,1013760
1575875927524,1013760
1575875927532,944640
1575875927545,944640
1575875927558,1013760
1575875927574,1013760
1575875927580,944640
1575875927592,1082880
1575875927606,1013760
1575875927619,1036800
1575875927629,1082880
1575875927641,1082880
1575875927652,1036800
1575875927664,1036800
1575875927675,1059840
1575875927689,1059840
1575875927702,1036800
1575875927713,1036800
1575875927725,1059840
1575875927737,1059840
1575875927749,1036800
1575875927760,1036800
1575875927772,1059840
1575875927786,1059840
1575875927796,1036800
1575875927813,1036800
1575875927821,1059840
1575875927831,1036800
1575875927844,1036800
1575875927856,990720
1575875927867,1036800
1575875927880,1036800
1575875927891,990720
1575875927904,990720
1575875927922,1036800
1575875927926,1036800
1575875927943,990720
1575875927952,990720
1575875927963,944640
1575875927975,944640
1575875927993,990720
1575875927999,990720
1575875928010,944640
1575875928022,944640
1575875928036,990720
1575875928047,990720
1575875928061,944640
1575875928072,944640
1575875928084,990720
1575875928097,990720
1575875928107,944640
1575875928119,944640
1575875928131,990720
1575875928143,990720
1575875928154,944640
1575875928166,944640
1575875928179,990720
1575875928192,990720
1575875928202,1036800
1575875928222,1036800
1575875928226,990720
1575875928244,990720
1575875928249,1036800
1575875928262,921600
1575875928275,1059840
1575875928293,1059840
1575875928297,921600
1575875928309,921600
1575875928323,1059840
1575875928335,967680
1575875928345,921600
1575875928362,921600
1575875928370,967680
1575875928383,967680
1575875928396,921600
1575875928405,921600
1575875928423,967680
1575875928432,967680
1575875928443,921600
1575875928452,921600
1575875928465,967680
1575875928482,967680
1575875928488,921600
1575875928503,990720
1575875928513,967680
1575875928525,967680
1575875928542,990720
1575875928548,990720
1575875928561,967680
1575875928573,967680
1575875928589,990720
1575875928596,990720
1575875928613,967680
1575875928621,967680
1575875928632,990720
1575875928644,990720
1575875928656,967680
1575875928671,967680
1575875928680,990720
1575875928692,990720
1575875928705,990720
1575875928717,990720
1575875928729,990720
1575875928743,990720
1575875928754,990720
1575875928765,990720
1575875928775,990720
1575875928787,990720
1575875928799,990720
1575875928813,990720
1575875928823,990720
1575875928835,990720
1575875928848,990720
1575875928860,990720
1575875928872,1013760
1575875928883,1013760
1575875928900,1036800
1575875928907,1036800
1575875928918,1013760
1575875928932,1013760
1575875928943,990720
1575875928956,990720
1575875928968,1013760
1575875928978,1013760
1575875928993,990720
1575875929003,990720
1575875929014,1013760
1575875929026,1059840
1575875929039,990720
1575875929052,990720
1575875929062,1059840
1575875929073,1059840
1575875929087,990720
1575875929098,990720
1575875929110,1059840
1575875929122,1059840
1575875929135,990720
1575875929146,990720
1575875929157,1059840
1575875929169,1059840
1575875929182,1059840
1575875929194,1059840
1575875929205,1059840
1575875929217,1059840
1575875929230,1059840
1575875929242,1059840
1575875929254,1082880
1575875929265,1082880
1575875929279,1059840
1575875929290,1059840
1575875929301,1082880
1575875929313,1082880
1575875929325,1059840
1575875929339,1059840
1575875929349,1082880
1575875929361,1082880
1575875929373,1059840
1575875929386,1059840
1575875929397,1082880
1575875929409,1082880
1575875929424,1059840
1575875929434,1059840
1575875929445,1082880
1575875929457,1082880
1575875929469,1036800
1575875929480,1036800
1575875929492,1082880
1575875929505,1082880
1575875929517,1036800
1575875929529,1036800
1575875929540,1082880
1575875929552,1082880
1575875929565,1036800
1575875929576,1036800
1575875929588,1082880
1575875929599,1082880
1575875929612,1036800
1575875929625,1036800
1575875929636,1082880
1575875929648,1082880
1575875929660,1036800
1575875929673,1036800
1575875929683,1082880
1575875929695,1082880
1575875929708,1059840
1575875929719,1059840
1575875929731,1082880
1575875929743,1082880
1575875929757,1059840
1575875929769,1059840
1575875929780,1082880
1575875929791,1082880
1575875929804,1059840
1575875929815,1059840
1575875929828,1082880
1575875929840,1082880
1575875929852,1059840
1575875929864,1059840
1575875929874,1059840
1575875929887,1059840
1575875929899,1059840
1575875929912,1059840
1575875929922,1059840
1575875929935,1059840
1575875929947,1059840
1575875929959,1059840
1575875929970,1059840
1575875929983,1059840
1575875929994,1059840
1575875930007,1059840
1575875930019,1059840
1575875930030,1059840
1575875930044,1059840
1575875930055,1082880
1575875930065,1059840
1575875930078,1059840
1575875930091,1082880
1575875930102,1082880
1575875930114,1059840
1575875930125,1059840
1575875930138,1082880
1575875930149,1082880
1575875930161,1059840
1575875930173,1059840
1575875930186,1082880
1575875930197,1082880
1575875930209,1059840
1575875930221,1059840
1575875930233,1082880
1575875930246,1082880
1575875930257,1059840
1575875930269,1059840
1575875930281,1082880
1575875930294,1082880
1575875930305,1082880
1575875930317,1082880
1575875930329,1082880
1575875930341,1082880
1575875930352,1082880
1575875930365,1082880
1575875930377,1082880
1575875930389,1082880
1575875930400,1082880
1575875930412,1082880
1575875930425,1082880
1575875930436,1082880
1575875930448,1082880
1575875930461,1082880
1575875930473,1082880
1575875930485,1082880
1575875930496,1082880
1575875930508,1082880
1575875930520,1082880
1575875930531,1059840
1575875930545,1082880
1575875930556,1082880
1575875930567,1059840
1575875930580,1059840
1575875930592,1082880
1575875930603,1082880
1575875930616,1059840
1575875930627,1059840
1575875930639,1082880
1575875930652,1082880
1575875930663,1059840
1575875930676,1059840
1575875930687,1082880
1575875930700,1082880
1575875930713,1059840
1575875930724,1059840
1575875930735,1082880
1575875930747,1082880
1575875930759,1059840
1575875930771,1059840
1575875930783,1082880
1575875930795,1082880
1575875930807,1059840
1575875930820,1059840
1575875930831,1082880
1575875930843,1082880
1575875930855,1059840
1575875930869,1059840
1575875930879,1082880
1575875930891,1082880
1575875930903,1059840
1575875930915,1059840
1575875930926,1082880
1575875930938,1082880
1575875930950,1059840
1575875930963,1059840
1575875930974,1082880
1575875930986,1082880
1575875930999,1059840
1575875931010,1059840
1575875931022,1082880
1575875931034,1082880
1575875931048,1059840
1575875931058,1059840
1575875931069,1082880
1575875931082,1082880
1575875931094,1059840
1575875931106,1059840
1575875931118,1082880
1575875931130,1082880
1575875931143,1059840
1575875931153,1059840
1575875931165,1082880
1575875931177,1082880
1575875931190,1059840
1575875931201,1059840
1575875931213,1082880
1575875931225,1082880
1575875931237,1059840
1575875931250,1059840
1575875931261,1082880
1575875931272,1082880
1575875931284,1059840
1575875931297,1059840
1575875931309,1082880
1575875931321,1082880
1575875931332,1082880
1575875931345,1082880
1575875931359,1082880
1575875931368,1082880
1575875931382,1082880
1575875931393,1082880
1575875931405,1036800
1575875931416,1036800
1575875931428,1059840
1575875931443,1059840
1575875931452,1036800
1575875931464,1036800
1575875931476,1059840
1575875931488,1036800
1575875931500,1036800
1575875931512,1036800
1575875931524,1036800
1575875931537,1036800
1575875931548,1036800
1575875931560,1036800
1575875931571,1036800
1575875931584,1036800
1575875931596,1036800
1575875931607,1036800
1575875931621,1036800
1575875931632,1036800
1575875931643,1082880
1575875931655,1082880
1575875931668,1036800
1575875931679,1036800
1575875931692,1082880
1575875931703,1082880
1575875931717,1036800
1575875931727,1082880
1575875931739,1082880
1575875931751,1082880
1575875931763,1059840
1575875931775,1059840
1575875931787,1082880
1575875931799,1082880
1575875931811,1059840
1575875931824,1059840
1575875931834,1082880
1575875931847,1082880
1575875931859,1059840
1575875931871,1059840
1575875931882,1082880
1575875931895,1082880
1575875931906,1059840
1575875931919,1059840
1575875931930,1082880
1575875931942,1082880
1575875931955,1059840
1575875931966,1059840
1575875931978,1082880
1575875931991,1082880
1575875932002,1082880
1575875932013,1082880
1575875932028,1082880
1575875932037,1059840
1575875932049,1082880
1575875932062,1082880
1575875932074,1059840
1575875932085,1059840
1575875932098,1082880
1575875932109,1082880
1575875932121,1059840
1575875932133,1059840
1575875932145,1082880
1575875932158,1082880
1575875932169,1059840
1575875932181,1059840
1575875932194,1082880
1575875932206,1082880
1575875932217,1059840
1575875932228,1059840
1575875932242,1082880
1575875932254,1082880
1575875932264,1059840
1575875932278,1059840
1575875932289,1082880
1575875932302,1082880
1575875932313,1082880
1575875932324,1059840
1575875932336,1082880
1575875932348,1059840
1575875932360,1059840
1575875932372,1059840
1575875932385,1059840
1575875932397,1059840
1575875932409,1059840
1575875932420,1059840
1575875932433,1059840
1575875932445,1059840
1575875932456,1059840
1575875932469,1059840
1575875932480,1059840
1575875932492,1059840
1575875932503,1059840
1575875932516,1059840
1575875932528,1059840
1575875932539,1059840
1575875932551,1059840
1575875932563,1082880
1575875932576,1059840
1575875932588,1082880
1575875932599,1082880
1575875932611,1082880
1575875932623,1082880
1575875932636,1082880
1575875932648,1082880
1575875932659,1082880
1575875932671,1082880
1575875932683,1082880
1575875932695,1082880
1575875932707,1082880
1575875932719,1082880
1575875932731,1082880
1575875932743,1082880
1575875932755,1082880
1575875932767,1082880
1575875932779,1082880
1575875932790,1082880
1575875932802,1082880
1575875932815,1082880
1575875932826,1082880
1575875932839,1082880
1575875932851,1082880
1575875932863,1082880
1575875932874,1082880
1575875932886,1082880
1575875932898,1082880
1575875932910,1082880
1575875932922,1082880
1575875932934,1082880
1575875932946,1082880
1575875932957,1082880
1575875932971,1082880
1575875932981,1082880
1575875932995,1082880
1575875933006,1082880
1575875933019,1082880
1575875933030,1082880
1575875933041,1059840
1575875933054,1082880
1575875933065,1059840
1575875933078,1059840
1575875933089,1059840
1575875933103,1059840
1575875933113,1059840
1575875933125,1059840
1575875933137,1059840
1575875933149,1059840
1575875933161,1059840
1575875933174,1059840
1575875933185,1059840
1575875933197,1059840
1575875933209,1059840
1575875933221,1059840
1575875933233,1059840
1575875933246,1059840
1575875933256,1059840
1575875933269,1059840
1575875933280,1082880
1575875933292,1059840
1575875933305,1059840
1575875933317,1082880
1575875933328,1082880
1575875933340,1059840
1575875933352,1059840
1575875933365,1082880
1575875933377,1082880
1575875933388,1059840
1575875933400,1059840
1575875933412,1082880
1575875933423,1059840
1575875933437,1059840
1575875933448,1059840
1575875933461,1059840
1575875933472,1059840
1575875933484,1059840
1575875933495,1059840
1575875933508,1059840
1575875933520,1059840
1575875933531,1082880
1575875933543,1082880
1575875933556,1059840
1575875933568,1059840
1575875933579,1082880
1575875933591,1082880
1575875933603,1059840
1575875933616,1059840
1575875933627,1082880
1575875933639,1082880
1575875933651,1059840
1575875933663,1082880
1575875933675,1082880
1575875933687,1082880
1575875933699,1082880
1575875933711,1082880
1575875933722,1082880
1575875933735,1082880
1575875933747,1082880
1575875933758,1082880
1575875933770,1082880
1575875933783,1082880
1575875933795,1082880
1575875933807,1082880
1575875933818,1082880
1575875933831,1082880
1575875933843,1082880
1575875933854,1082880
1575875933867,1082880
1575875933879,1082880
1575875933890,1082880
1575875933902,1082880
1575875933914,1082880
1575875933926,1082880
1575875933938,1082880
1575875933950,1082880
1575875933961,1082880
1575875933973,1082880
1575875933986,1082880
1575875933998,1082880
1575875934009,1082880
1575875934021,1082880
1575875934033,1082880
1575875934045,1082880
1575875934057,1082880
1575875934069,1082880
1575875934081,1082880
1575875934094,1082880
1575875934105,1082880
1575875934117,1082880
1575875934129,1082880
1575875934141,1082880
1575875934153,1082880
1575875934164,1082880
1575875934177,1082880
1575875934189,1082880
1575875934201,1082880
1575875934212,1082880
1575875934224,1082880
1575875934236,1082880
1575875934249,1082880
1575875934261,1082880
1575875934272,1082880
1575875934284,1082880
1575875934296,1082880
1575875934308,1082880
1575875934320,1082880
1575875934332,1082880
1575875934344,1082880
1575875934356,1082880
1575875934368,1082880
1575875934380,1082880
1575875934392,1082880
1575875934404,1082880
1575875934416,1082880
1575875934428,1082880
1575875934440,1082880
1575875934452,1082880
1575875934464,1082880
1575875934475,1082880
1575875934487,1082880
1575875934499,1082880
1575875934511,1082880
1575875934523,1082880
1575875934536,1082880
1575875934547,1082880
1575875934559,1082880
1575875934584,1082880
1575875934595,1082880
